45632 2958
2015-329 4526 1 3285 0
2015-329 5140 1 6402 0
2015-329 5561 1 5044 0
2015-329 5303 1 3852 0
2015-329 4467 1 4022 0
2015-329 6197 1 6021 0
2015-329 4868 1 5025 0
2015-329 4180 1 4728 0
2015-329 5324 1 5764 0
2015-329 4570 1 4269 0
2015-329 6388 1 5070 0
2015-329 5131 1 4752 0
2015-329 5220 1 5375 0
2015-329 5438 1 6058 0
2015-329 5016 1 5231 0
2015-329 5442 1 6419 0
2015-329 4526 1 5140 0
2015-329 5561 1 5303 0
2015-329 4467 1 6197 0
2015-329 4180 1 4868 0
2015-329 5324 1 4570 0
2015-329 6388 1 5131 0
2015-329 5220 1 5438 0
2015-329 5442 1 5016 0
2015-329 4526 1 5561 0
2015-329 4180 1 4467 0
2015-329 5324 1 6388 0
2015-329 5442 1 5220 0
2015-329 4526 1 4180 0
2015-329 5324 1 5442 0
2015-329 4526 1 5324 0
2015-429 644 1 44744 0
2015-429 4596 1 3813 0
2015-429 5764 1 5923 0
2015-429 4570 1 5016 0
2015-429 5349 1 3794 0
2015-429 4180 1 4994 0
2015-429 6045 1 5794 0
2015-429 4269 1 6032 0
2015-429 4914 1 9777 0
2015-429 4868 1 6410 0
2015-429 5630 1 5294 0
2015-429 4326 1 5166 0
2015-429 4606 1 644 0
2015-429 5764 1 4596 0
2015-429 4570 1 6058 0
2015-429 4180 1 5349 0
2015-429 6045 1 4269 0
2015-429 4467 1 4914 0
2015-429 4868 1 5630 0
2015-429 4752 1 4326 0
2015-429 4606 1 5764 0
2015-429 4570 1 4180 0
2015-429 6045 1 4467 0
2015-429 4752 1 4868 0
2015-429 4606 1 4570 0
2015-429 6045 1 4752 0
2015-429 4606 1 6045 0
2015-439 5531 1 4022 0
2015-439 3893 1 5391 0
2015-439 4259 1 5046 0
2015-439 5571 1 11550 0
2015-439 4887 1 5333 0
2015-439 5364 1 5794 0
2015-439 4921 1 6197 0
2015-439 5987 1 4585 0
2015-439 5303 1 5875 0
2015-439 6419 1 4716 0
2015-439 5370 1 6230 0
2015-439 4879 1 26131 0
2015-439 4789 1 5531 0
2015-439 4259 1 3893 0
2015-439 6220 1 5571 0
2015-439 4887 1 5364 0
2015-439 4921 1 5987 0
2015-439 5303 1 4311 0
2015-439 6419 1 5370 0
2015-439 5131 1 4879 0
2015-439 4789 1 4259 0
2015-439 6220 1 4887 0
2015-439 5303 1 4921 0
2015-439 5131 1 6419 0
2015-439 6220 1 4789 0
2015-439 5303 1 5131 0
2015-439 6220 1 5303 0
2015-422 5324 1 4180 0
2015-422 4269 1 4541 0
2015-422 5663 1 4229 0
2015-422 3333 1 4467 0
2015-422 5364 1 6220 0
2015-422 6419 1 644 0
2015-422 6058 1 4659 0
2015-422 11614 1 3917 0
2015-422 5655 1 4789 0
2015-422 5016 1 4544 0
2015-422 3990 1 4664 0
2015-422 5057 1 6197 0
2015-422 5303 1 4259 0
2015-422 6410 1 4921 0
2015-422 4752 1 6388 0
2015-422 5764 1 4585 0
2015-422 5565 1 6032 0
2015-422 3888 1 4677 0
2015-422 4868 1 4329 0
2015-422 4311 1 5166 0
2015-422 3852 1 5670 0
2015-422 4728 1 4914 0
2015-422 6045 1 6203 0
2015-422 5131 1 4654 0
2015-422 4920 1 5324 0
2015-422 5663 1 4269 0
2015-422 3333 1 5364 0
2015-422 4526 1 6419 0
2015-422 5231 1 6058 0
2015-422 5655 1 11614 0
2015-422 3990 1 5016 0
2015-422 4606 1 5057 0
2015-422 5220 1 5303 0
2015-422 4752 1 6410 0
2015-422 5764 1 5565 0
2015-422 4913 1 3888 0
2015-422 4742 1 4868 0
2015-422 3852 1 4311 0
2015-422 4728 1 6045 0
2015-422 3819 1 5131 0
2015-422 4920 1 5663 0
2015-422 4526 1 3333 0
2015-422 5231 1 5655 0
2015-422 4606 1 3990 0
2015-422 4752 1 5220 0
2015-422 4913 1 5764 0
2015-422 3852 1 4742 0
2015-422 3819 1 4728 0
2015-422 4920 1 4526 0
2015-422 5231 1 4606 0
2015-422 4913 1 4752 0
2015-422 3819 1 3852 0
2015-422 4920 1 5231 0
2015-422 3819 1 4913 0
2015-422 3819 1 4920 0
2015-5014 5364 1 5573 0
2015-5014 6220 1 4229 0
2015-5014 3852 1 5710 0
2015-5014 4752 1 4180 0
2015-5014 5565 1 4619 0
2015-5014 6058 1 4269 0
2015-5014 5438 1 4311 0
2015-5014 5663 1 4423 0
2015-5014 4544 1 5166 0
2015-5014 4467 1 5919 0
2015-5014 4914 1 5331 0
2015-5014 6045 1 3997 0
2015-5014 3333 1 4868 0
2015-5014 5131 1 4198 0
2015-5014 5670 1 5057 0
2015-5014 5220 1 5829 0
2015-5014 6419 1 5231 0
2015-5014 4677 1 4654 0
2015-5014 6388 1 4887 0
2015-5014 4921 1 5303 0
2015-5014 4728 1 3163 0
2015-5014 4541 1 3990 0
2015-5014 3607 1 5375 0
2015-5014 5070 1 5016 0
2015-5014 4920 1 5364 0
2015-5014 3852 1 6220 0
2015-5014 4752 1 5565 0
2015-5014 6058 1 3970 0
2015-5014 4913 1 5438 0
2015-5014 4544 1 5663 0
2015-5014 4467 1 4914 0
2015-5014 4606 1 6045 0
2015-5014 4742 1 3333 0
2015-5014 5670 1 5131 0
2015-5014 5220 1 6419 0
2015-5014 4526 1 4677 0
2015-5014 5442 1 6388 0
2015-5014 4728 1 4921 0
2015-5014 4541 1 3607 0
2015-5014 5070 1 3819 0
2015-5014 4920 1 3852 0
2015-5014 6058 1 4752 0
2015-5014 4913 1 4544 0
2015-5014 4606 1 4467 0
2015-5014 4742 1 5670 0
2015-5014 4526 1 5220 0
2015-5014 4728 1 5442 0
2015-5014 4541 1 5070 0
2015-5014 4920 1 6058 0
2015-5014 4913 1 4606 0
2015-5014 4742 1 4526 0
2015-5014 4541 1 4728 0
2015-5014 4920 1 4913 0
2015-5014 4541 1 4742 0
2015-5014 4920 1 4541 0
2015-352 5057 1 4558 0
2015-352 5324 1 4789 0
2015-352 5131 1 5719 0
2015-352 4273 1 3333 0
2015-352 6058 1 4921 0
2015-352 4677 1 6045 0
2015-352 6220 1 5166 0
2015-352 4585 1 4198 0
2015-352 5231 1 6197 0
2015-352 5764 1 5794 0
2015-352 5370 1 4716 0
2015-352 4311 1 4654 0
2015-352 4868 1 6285 0
2015-352 4914 1 5364 0
2015-352 5571 1 3917 0
2015-352 6419 1 4269 0
2015-352 4920 1 5057 0
2015-352 4467 1 5324 0
2015-352 4541 1 5131 0
2015-352 4606 1 4273 0
2015-352 4526 1 6058 0
2015-352 4677 1 3852 0
2015-352 4728 1 6220 0
2015-352 4742 1 4585 0
2015-352 3970 1 5231 0
2015-352 5764 1 5220 0
2015-352 4544 1 5370 0
2015-352 3819 1 4311 0
2015-352 5442 1 4868 0
2015-352 4752 1 4914 0
2015-352 5663 1 5571 0
2015-352 4913 1 6419 0
2015-352 4920 1 4467 0
2015-352 4606 1 4541 0
2015-352 4526 1 4677 0
2015-352 4742 1 4728 0
2015-352 3970 1 5764 0
2015-352 4544 1 3819 0
2015-352 4752 1 5442 0
2015-352 4913 1 5663 0
2015-352 4920 1 4606 0
2015-352 4526 1 4742 0
2015-352 3970 1 4544 0
2015-352 4913 1 4752 0
2015-352 4920 1 4526 0
2015-352 4913 1 3970 0
2015-352 4920 1 4913 0
2015-425 4558 1 5794 0
2015-425 5303 1 4927 0
2015-425 6135 1 5515 0
2015-425 5057 1 5209 0
2015-425 3607 1 6220 0
2015-425 4337 1 5284 0
2015-425 5055 1 5147 0
2015-425 4716 1 4593 0
2015-425 5324 1 44756 0
2015-425 5710 1 5903 0
2015-425 11238 1 5210 0
2015-425 3656 1 5564 0
2015-425 4942 1 4865 0
2015-425 4664 1 5070 0
2015-425 26131 1 4269 0
2015-425 4596 1 3893 0
2015-425 5442 1 4558 0
2015-425 5046 1 5303 0
2015-425 4654 1 6135 0
2015-425 5131 1 5057 0
2015-425 3607 1 5220 0
2015-425 5364 1 4337 0
2015-425 3990 1 5055 0
2015-425 4716 1 4541 0
2015-425 5324 1 5201 0
2015-425 4259 1 5710 0
2015-425 11238 1 6388 0
2015-425 3970 1 3656 0
2015-425 3852 1 4942 0
2015-425 4664 1 4914 0
2015-425 4921 1 26131 0
2015-425 4742 1 4596 0
2015-425 5442 1 5046 0
2015-425 5131 1 4654 0
2015-425 5364 1 3607 0
2015-425 3990 1 4716 0
2015-425 4259 1 5324 0
2015-425 3970 1 11238 0
2015-425 4664 1 3852 0
2015-425 4921 1 4742 0
2015-425 5442 1 5131 0
2015-425 5364 1 3990 0
2015-425 3970 1 4259 0
2015-425 4664 1 4921 0
2015-425 5442 1 5364 0
2015-425 4664 1 3970 0
2015-425 5442 1 4664 0
2015-7163 3813 1 4942 0
2015-7163 4592 1 17393 0
2015-7163 5055 1 4870 0
2015-7163 26131 1 5987 0
2015-7163 3781 1 4326 0
2015-7163 6030 1 4879 0
2015-7163 5057 1 4022 0
2015-7163 4794 1 5324 0
2015-7163 4558 1 5710 0
2015-7163 4470 1 4887 0
2015-7163 5571 1 6410 0
2015-7163 4974 1 5919 0
2015-7163 3819 1 3813 0
2015-7163 4592 1 5055 0
2015-7163 5046 1 26131 0
2015-7163 6030 1 3781 0
2015-7163 5057 1 4794 0
2015-7163 4654 1 4558 0
2015-7163 4470 1 5571 0
2015-7163 5764 1 4974 0
2015-7163 3819 1 4592 0
2015-7163 6030 1 5046 0
2015-7163 4654 1 5057 0
2015-7163 5764 1 4470 0
2015-7163 3819 1 6030 0
2015-7163 4654 1 5764 0
2015-7163 3819 1 4654 0
2015-540 4920 1 4259 0
2015-540 3813 1 3720 0
2015-540 5719 1 11240 0
2015-540 6058 1 5515 0
2015-540 4914 1 6410 0
2015-540 4716 1 4385 0
2015-540 4942 1 5655 0
2015-540 4728 1 6285 0
2015-540 5220 1 5642 0
2015-540 5564 1 4887 0
2015-540 5044 1 5629 0
2015-540 4544 1 4423 0
2015-540 6032 1 4654 0
2015-540 644 1 4558 0
2015-540 5046 1 5147 0
2015-540 5442 1 4619 0
2015-540 4526 1 5303 0
2015-540 3607 1 3794 0
2015-540 4269 1 5364 0
2015-540 6220 1 4533 0
2015-540 5349 1 3990 0
2015-540 4570 1 5375 0
2015-540 6268 1 4593 0
2015-540 5663 1 4546 0
2015-540 5764 1 5630 0
2015-540 5438 1 5034 0
2015-540 4927 1 5430 0
2015-540 4752 1 6278 0
2015-540 6388 1 6030 0
2015-540 4337 1 4252 0
2015-540 3163 1 5571 0
2015-540 5670 1 4592 0
2015-540 4865 1 4562 0
2015-540 6197 1 3893 0
2015-540 5565 1 4671 0
2015-540 4921 1 5058 0
2015-540 4677 1 4870 0
2015-540 5370 1 3285 0
2015-540 4459 1 4229 0
2015-540 4742 1 5057 0
2015-540 4541 1 4180 0
2015-540 5070 1 4794 0
2015-540 5231 1 6365 0
2015-540 3333 1 11238 0
2015-540 4311 1 5443 0
2015-540 6419 1 4659 0
2015-540 4894 1 4268 0
2015-540 4913 1 5055 0
2015-540 4606 1 4868 0
2015-540 3917 1 5923 0
2015-540 4585 1 5201 0
2015-540 4664 1 4198 0
2015-540 4789 1 5794 0
2015-540 5166 1 3582 0
2015-540 4879 1 5209 0
2015-540 4467 1 4596 0
2015-540 3852 1 4326 0
2015-540 5919 1 5476 0
2015-540 5324 1 4022 0
2015-540 5131 1 5067 0
2015-540 5025 1 6045 0
2015-540 5889 1 4291 0
2015-540 5016 1 4992 0
2015-540 3819 1 5987 0
2015-540 4920 1 3813 0
2015-540 6058 1 5719 0
2015-540 4914 1 4716 0
2015-540 4728 1 4942 0
2015-540 5220 1 5564 0
2015-540 4544 1 5044 0
2015-540 6032 1 644 0
2015-540 5046 1 5442 0
2015-540 4526 1 3607 0
2015-540 4269 1 6220 0
2015-540 4570 1 5349 0
2015-540 5663 1 6268 0
2015-540 5764 1 5438 0
2015-540 4752 1 4927 0
2015-540 6388 1 4337 0
2015-540 5670 1 3163 0
2015-540 4865 1 6197 0
2015-540 5565 1 4921 0
2015-540 4677 1 5370 0
2015-540 4459 1 4742 0
2015-540 4541 1 5070 0
2015-540 3333 1 5231 0
2015-540 4311 1 6419 0
2015-540 4913 1 4894 0
2015-540 4606 1 3917 0
2015-540 4664 1 4585 0
2015-540 4789 1 5166 0
2015-540 4467 1 4879 0
2015-540 5919 1 3852 0
2015-540 5131 1 5324 0
2015-540 5025 1 5889 0
2015-540 3819 1 5016 0
2015-540 4920 1 6058 0
2015-540 4728 1 4914 0
2015-540 5220 1 4544 0
2015-540 6032 1 5046 0
2015-540 4526 1 4269 0
2015-540 5663 1 4570 0
2015-540 4752 1 5764 0
2015-540 6388 1 5670 0
2015-540 5565 1 4865 0
2015-540 4677 1 4459 0
2015-540 3333 1 4541 0
2015-540 4913 1 4311 0
2015-540 4606 1 4664 0
2015-540 4467 1 4789 0
2015-540 5131 1 5919 0
2015-540 3819 1 5025 0
2015-540 4920 1 4728 0
2015-540 5220 1 6032 0
2015-540 4526 1 5663 0
2015-540 4752 1 6388 0
2015-540 5565 1 4677 0
2015-540 4913 1 3333 0
2015-540 4467 1 4606 0
2015-540 3819 1 5131 0
2015-540 4920 1 5220 0
2015-540 4752 1 4526 0
2015-540 4913 1 5565 0
2015-540 3819 1 4467 0
2015-540 4920 1 4752 0
2015-540 3819 1 4913 0
2015-540 4920 1 3819 0
2015-7161 5284 1 5476 0
2015-7161 11834 1 5264 0
2015-7161 5571 1 4562 0
2015-7161 5577 1 4887 0
2015-7161 4268 1 5147 0
2015-7161 3893 1 4628 0
2015-7161 3607 1 4007 0
2015-7161 5939 1 5528 0
2015-7161 4592 1 5903 0
2015-7161 5057 1 4117 0
2015-7161 4546 1 5561 0
2015-7161 3656 1 6019 0
2015-7161 3852 1 5284 0
2015-7161 5571 1 11834 0
2015-7161 4269 1 5577 0
2015-7161 3893 1 4268 0
2015-7161 3607 1 5939 0
2015-7161 5364 1 4592 0
2015-7161 5057 1 4546 0
2015-7161 3656 1 5046 0
2015-7161 3852 1 5571 0
2015-7161 4269 1 3893 0
2015-7161 3607 1 5364 0
2015-7161 5057 1 3656 0
2015-7161 3852 1 4269 0
2015-7161 3607 1 5057 0
2015-7161 3607 1 3852 0
2015-421 5057 1 4654 0
2015-421 6045 1 5166 0
2015-421 5764 1 5231 0
2015-421 4585 1 4728 0
2015-421 5201 1 6220 0
2015-421 5375 1 6032 0
2015-421 6388 1 4269 0
2015-421 5565 1 4229 0
2015-421 4544 1 3794 0
2015-421 4868 1 3917 0
2015-421 4914 1 11240 0
2015-421 3333 1 5655 0
2015-421 4659 1 6277 0
2015-421 4022 1 4677 0
2015-421 4467 1 4311 0
2015-421 5663 1 5438 0
2015-421 5016 1 5364 0
2015-421 4664 1 4432 0
2015-421 6058 1 5303 0
2015-421 5131 1 4385 0
2015-421 4541 1 6419 0
2015-421 4789 1 4921 0
2015-421 4180 1 5222 0
2015-421 3990 1 3852 0
2015-421 4920 1 5057 0
2015-421 6045 1 5764 0
2015-421 5201 1 4585 0
2015-421 5375 1 4606 0
2015-421 6388 1 4526 0
2015-421 4544 1 5565 0
2015-421 4868 1 4914 0
2015-421 3333 1 5670 0
2015-421 4742 1 4659 0
2015-421 4022 1 4467 0
2015-421 5663 1 5016 0
2015-421 5442 1 4664 0
2015-421 6058 1 5220 0
2015-421 4541 1 5131 0
2015-421 4180 1 4789 0
2015-421 4913 1 3990 0
2015-421 4920 1 6045 0
2015-421 5201 1 5375 0
2015-421 4544 1 6388 0
2015-421 4868 1 3333 0
2015-421 4742 1 4022 0
2015-421 5442 1 5663 0
2015-421 4541 1 6058 0
2015-421 4913 1 4180 0
2015-421 4920 1 5201 0
2015-421 4868 1 4544 0
2015-421 5442 1 4742 0
2015-421 4913 1 4541 0
2015-421 4920 1 4868 0
2015-421 4913 1 5442 0
2015-421 4913 1 4920 0
2015-6003 3285 1 5209 0
2015-6003 5055 1 6355 0
2015-6003 5420 1 4677 0
2015-6003 5303 1 4307 0
2015-6003 3794 1 5025 0
2015-6003 4868 1 644 0
2015-6003 6388 1 5046 0
2015-6003 5140 1 3813 0
2015-6003 5919 1 4870 0
2015-6003 5565 1 6021 0
2015-6003 4570 1 4596 0
2015-6003 4994 1 4329 0
2015-6003 3970 1 3285 0
2015-6003 5055 1 5420 0
2015-6003 5764 1 5303 0
2015-6003 3794 1 4868 0
2015-6003 6388 1 5140 0
2015-6003 3333 1 5919 0
2015-6003 5565 1 4570 0
2015-6003 3852 1 4994 0
2015-6003 3970 1 5055 0
2015-6003 3794 1 5764 0
2015-6003 6388 1 3333 0
2015-6003 3852 1 5565 0
2015-6003 3970 1 3794 0
2015-6003 3852 1 6388 0
2015-6003 3970 1 3852 0
2015-6120 5889 1 26244 0
2015-6120 6419 1 5025 0
2015-6120 5904 1 6058 0
2015-6120 6285 1 5058 0
2015-6120 5016 1 5067 0
2015-6120 4337 1 5324 0
2015-6120 6388 1 5055 0
2015-6120 6220 1 3607 0
2015-6120 5231 1 4659 0
2015-6120 5571 1 6045 0
2015-6120 5794 1 11543 0
2015-6120 5438 1 5023 0
2015-6120 5889 1 11497 0
2015-6120 6419 1 5904 0
2015-6120 4914 1 6285 0
2015-6120 4337 1 5016 0
2015-6120 6220 1 6388 0
2015-6120 5201 1 5231 0
2015-6120 5571 1 5794 0
2015-6120 4544 1 5438 0
2015-6120 6419 1 5889 0
2015-6120 4914 1 4337 0
2015-6120 6220 1 5201 0
2015-6120 4544 1 5571 0
2015-6120 4914 1 6419 0
2015-6120 6220 1 4544 0
2015-6120 6220 1 4914 0
2015-407 4913 1 3917 0
2015-407 5565 1 4259 0
2015-407 4868 1 3898 0
2015-407 4467 1 5303 0
2015-407 4606 1 4732 0
2015-407 4311 1 4894 0
2015-407 4789 1 4273 0
2015-407 5131 1 644 0
2015-407 5764 1 3908 0
2015-407 4180 1 5663 0
2015-407 4198 1 4794 0
2015-407 4526 1 4618 0
2015-407 6220 1 5201 0
2015-407 4659 1 4716 0
2015-407 4619 1 4585 0
2015-407 5670 1 5710 0
2015-407 4913 1 5565 0
2015-407 4467 1 4868 0
2015-407 4606 1 4311 0
2015-407 4789 1 5131 0
2015-407 4180 1 5764 0
2015-407 4526 1 4198 0
2015-407 4659 1 6220 0
2015-407 5670 1 4619 0
2015-407 4467 1 4913 0
2015-407 4606 1 4789 0
2015-407 4526 1 4180 0
2015-407 5670 1 4659 0
2015-407 4606 1 4467 0
2015-407 4526 1 5670 0
2015-407 4526 1 4606 0
2015-891 6419 1 4894 0
2015-891 11238 1 4992 0
2015-891 4180 1 4273 0
2015-891 5564 1 4562 0
2015-891 6197 1 4819 0
2015-891 4887 1 4716 0
2015-891 4229 1 4499 0
2015-891 5794 1 5284 0
2015-891 5367 1 4268 0
2015-891 4198 1 5528 0
2015-891 5140 1 6355 0
2015-891 5370 1 5034 0
2015-891 4526 1 6419 0
2015-891 4180 1 11238 0
2015-891 5663 1 5564 0
2015-891 4887 1 6197 0
2015-891 4229 1 5794 0
2015-891 5131 1 5367 0
2015-891 4198 1 5140 0
2015-891 5370 1 3852 0
2015-891 4526 1 4180 0
2015-891 5663 1 4887 0
2015-891 5131 1 4229 0
2015-891 5370 1 4198 0
2015-891 4526 1 5663 0
2015-891 5370 1 5131 0
2015-891 4526 1 5370 0
2015-404 4570 1 6197 0
2015-404 5070 1 4677 0
2015-404 3781 1 6248 0
2015-404 5630 1 5571 0
2015-404 4337 1 4558 0
2015-404 6410 1 5515 0
2015-404 6419 1 4887 0
2015-404 4470 1 5303 0
2015-404 5565 1 5055 0
2015-404 5058 1 3794 0
2015-404 5166 1 4994 0
2015-404 4592 1 5025 0
2015-404 4273 1 4593 0
2015-404 3813 1 5210 0
2015-404 5889 1 6220 0
2015-404 5979 1 3888 0
2015-404 4619 1 5057 0
2015-404 5231 1 4432 0
2015-404 4974 1 4459 0
2015-404 6388 1 6032 0
2015-404 4291 1 5140 0
2015-404 3582 1 3607 0
2015-404 5375 1 5794 0
2015-404 4992 1 5923 0
2015-404 4894 1 6096 0
2015-404 5364 1 4664 0
2015-404 5438 1 4716 0
2015-404 4659 1 5016 0
2015-404 4794 1 5561 0
2015-404 6045 1 4229 0
2015-404 3812 1 4022 0
2015-404 6030 1 5655 0
2015-404 4920 1 4570 0
2015-404 5070 1 3898 0
2015-404 4544 1 3781 0
2015-404 4728 1 5630 0
2015-404 4337 1 5220 0
2015-404 6410 1 4198 0
2015-404 6058 1 6419 0
2015-404 3970 1 4470 0
2015-404 4913 1 5565 0
2015-404 4259 1 5058 0
2015-404 5166 1 4921 0
2015-404 5201 1 4592 0
2015-404 3852 1 4273 0
2015-404 4654 1 3813 0
2015-404 4269 1 5889 0
2015-404 5442 1 5979 0
2015-404 5670 1 4619 0
2015-404 5231 1 5046 0
2015-404 3990 1 4974 0
2015-404 5764 1 6388 0
2015-404 4467 1 4291 0
2015-404 3582 1 4752 0
2015-404 5375 1 4868 0
2015-404 4742 1 4992 0
2015-404 4894 1 4526 0
2015-404 4585 1 5364 0
2015-404 5438 1 3333 0
2015-404 4606 1 4659 0
2015-404 5131 1 4794 0
2015-404 6045 1 4180 0
2015-404 4311 1 3812 0
2015-404 3819 1 6030 0
2015-404 4920 1 5070 0
2015-404 4544 1 4728 0
2015-404 6410 1 4337 0
2015-404 6058 1 3970 0
2015-404 4913 1 4259 0
2015-404 5166 1 5201 0
2015-404 3852 1 4654 0
2015-404 5442 1 4269 0
2015-404 5670 1 5231 0
2015-404 3990 1 5764 0
2015-404 4467 1 3582 0
2015-404 4742 1 5375 0
2015-404 4585 1 4894 0
2015-404 4606 1 5438 0
2015-404 6045 1 5131 0
2015-404 3819 1 4311 0
2015-404 4920 1 4544 0
2015-404 6058 1 6410 0
2015-404 4913 1 5166 0
2015-404 3852 1 5442 0
2015-404 5670 1 3990 0
2015-404 4742 1 4467 0
2015-404 4606 1 4585 0
2015-404 3819 1 6045 0
2015-404 4920 1 6058 0
2015-404 4913 1 3852 0
2015-404 5670 1 4742 0
2015-404 3819 1 4606 0
2015-404 4920 1 4913 0
2015-404 3819 1 5670 0
2015-404 4920 1 3819 0
2015-403 5364 1 3893 0
2015-403 4326 1 4291 0
2015-403 5057 1 3720 0
2015-403 5231 1 5564 0
2015-403 5055 1 5438 0
2015-403 4268 1 3582 0
2015-403 644 1 5025 0
2015-403 5630 1 6197 0
2015-403 4022 1 4974 0
2015-403 4619 1 4570 0
2015-403 6419 1 4887 0
2015-403 5655 1 4273 0
2015-403 5565 1 5216 0
2015-403 26131 1 5794 0
2015-403 3781 1 5979 0
2015-403 4558 1 4664 0
2015-403 4122 1 6410 0
2015-403 5070 1 5303 0
2015-403 6045 1 4423 0
2015-403 6220 1 6030 0
2015-403 5016 1 3607 0
2015-403 3813 1 4593 0
2015-403 4894 1 6365 0
2015-403 5375 1 4229 0
2015-403 11240 1 4716 0
2015-403 5561 1 4794 0
2015-403 5923 1 5571 0
2015-403 5058 1 4628 0
2015-403 4337 1 5067 0
2015-403 5515 1 3794 0
2015-403 5889 1 5987 0
2015-403 4596 1 4659 0
2015-403 4920 1 5364 0
2015-403 4326 1 4180 0
2015-403 5057 1 4654 0
2015-403 5231 1 3990 0
2015-403 4467 1 5055 0
2015-403 4268 1 3333 0
2015-403 4585 1 644 0
2015-403 3970 1 5630 0
2015-403 5442 1 4022 0
2015-403 4677 1 4619 0
2015-403 5663 1 6419 0
2015-403 5655 1 5131 0
2015-403 5764 1 5565 0
2015-403 4544 1 26131 0
2015-403 4868 1 3781 0
2015-403 5670 1 4558 0
2015-403 4526 1 4122 0
2015-403 5166 1 5070 0
2015-403 6045 1 4921 0
2015-403 6220 1 3852 0
2015-403 4728 1 5016 0
2015-403 4914 1 3813 0
2015-403 5046 1 4894 0
2015-403 4913 1 5375 0
2015-403 4606 1 11240 0
2015-403 6058 1 5561 0
2015-403 4789 1 5923 0
2015-403 4541 1 5058 0
2015-403 4337 1 5201 0
2015-403 4198 1 5515 0
2015-403 4269 1 5889 0
2015-403 4742 1 4596 0
2015-403 4920 1 4326 0
2015-403 5231 1 5057 0
2015-403 4467 1 4268 0
2015-403 3970 1 4585 0
2015-403 5442 1 4677 0
2015-403 5663 1 5655 0
2015-403 4544 1 5764 0
2015-403 5670 1 4868 0
2015-403 5166 1 4526 0
2015-403 6220 1 6045 0
2015-403 4728 1 4914 0
2015-403 4913 1 5046 0
2015-403 4606 1 6058 0
2015-403 4789 1 4541 0
2015-403 4337 1 4198 0
2015-403 4269 1 4742 0
2015-403 4920 1 5231 0
2015-403 3970 1 4467 0
2015-403 5442 1 5663 0
2015-403 4544 1 5670 0
2015-403 6220 1 5166 0
2015-403 4913 1 4728 0
2015-403 4606 1 4789 0
2015-403 4337 1 4269 0
2015-403 4920 1 3970 0
2015-403 4544 1 5442 0
2015-403 4913 1 6220 0
2015-403 4606 1 4337 0
2015-403 4920 1 4544 0
2015-403 4913 1 4606 0
2015-403 4920 1 4913 0
2015-402 5979 1 4291 0
2015-402 5561 1 5055 0
2015-402 3333 1 5034 0
2015-402 4470 1 4558 0
2015-402 11614 1 11615 0
2015-402 5016 1 3794 0
2015-402 5375 1 5166 0
2015-402 6032 1 6410 0
2015-402 6058 1 4992 0
2015-402 5438 1 5923 0
2015-402 4459 1 4593 0
2015-402 5025 1 4229 0
2015-402 5442 1 5979 0
2015-402 5561 1 3333 0
2015-402 4544 1 4470 0
2015-402 5016 1 11614 0
2015-402 5375 1 6032 0
2015-402 6058 1 5231 0
2015-402 5438 1 4459 0
2015-402 4728 1 5025 0
2015-402 5442 1 5561 0
2015-402 5016 1 4544 0
2015-402 5375 1 6058 0
2015-402 4728 1 5438 0
2015-402 5442 1 5016 0
2015-402 4728 1 5375 0
2015-402 5442 1 4728 0
2015-339 5349 1 5720 0
2015-339 3813 1 6032 0
2015-339 5889 1 4467 0
2015-339 4868 1 4974 0
2015-339 5364 1 3781 0
2015-339 5231 1 4122 0
2015-339 3997 1 4728 0
2015-339 5025 1 3720 0
2015-339 5055 1 5644 0
2015-339 6410 1 3898 0
2015-339 6058 1 5016 0
2015-339 5438 1 4593 0
2015-339 3819 1 5349 0
2015-339 5889 1 3813 0
2015-339 5764 1 4868 0
2015-339 5364 1 5231 0
2015-339 5025 1 3997 0
2015-339 5670 1 5055 0
2015-339 6058 1 6410 0
2015-339 5442 1 5438 0
2015-339 3819 1 5889 0
2015-339 5764 1 5364 0
2015-339 5670 1 5025 0
2015-339 5442 1 6058 0
2015-339 3819 1 5764 0
2015-339 5670 1 5442 0
2015-339 3819 1 5670 0
2015-338 5216 1 4659 0
2015-338 5055 1 4794 0
2015-338 4654 1 4596 0
2015-338 5565 1 4311 0
2015-338 5655 1 6388 0
2015-338 4914 1 3794 0
2015-338 4868 1 5016 0
2015-338 4180 1 5025 0
2015-338 6058 1 4992 0
2015-338 4677 1 5364 0
2015-338 4664 1 3813 0
2015-338 4619 1 4593 0
2015-338 5216 1 4921 0
2015-338 5055 1 4654 0
2015-338 3898 1 5565 0
2015-338 4914 1 5655 0
2015-338 4180 1 4868 0
2015-338 6058 1 4259 0
2015-338 4677 1 4664 0
2015-338 4619 1 5663 0
2015-338 5055 1 5216 0
2015-338 4914 1 3898 0
2015-338 4180 1 6058 0
2015-338 4677 1 4619 0
2015-338 5055 1 4914 0
2015-338 4677 1 4180 0
2015-338 4677 1 5055 0
2015-6718 23792 1 5130 0
2015-6718 3285 1 4273 0
2015-6718 5025 1 5539 0
2015-6718 4329 1 4268 0
2015-6718 5501 1 5349 0
2015-6718 4291 1 5561 0
2015-6718 3582 1 4865 0
2015-6718 5262 1 5006 0
2015-6718 5209 1 4901 0
2015-6718 5813 1 4570 0
2015-6718 5140 1 5044 0
2015-6718 4628 1 5284 0
2015-6718 3333 1 23792 0
2015-6718 3285 1 5025 0
2015-6718 5166 1 4329 0
2015-6718 4291 1 5501 0
2015-6718 3582 1 5262 0
2015-6718 3607 1 5209 0
2015-6718 5140 1 5813 0
2015-6718 6058 1 4628 0
2015-6718 3333 1 3285 0
2015-6718 5166 1 4291 0
2015-6718 3582 1 3607 0
2015-6718 6058 1 5140 0
2015-6718 5166 1 3333 0
2015-6718 6058 1 3582 0
2015-6718 6058 1 5166 0
2015-440 5140 1 5564 0
2015-440 4894 1 4879 0
2015-440 4269 1 4592 0
2015-440 3917 1 3720 0
2015-440 3843 1 5324 0
2015-440 5166 1 4229 0
2015-440 5565 1 4593 0
2015-440 4180 1 4942 0
2015-440 5644 1 3813 0
2015-440 5303 1 4794 0
2015-440 5006 1 4022 0
2015-440 3781 1 4927 0
2015-440 3333 1 5140 0
2015-440 4894 1 4269 0
2015-440 3917 1 5131 0
2015-440 5166 1 3843 0
2015-440 4180 1 5565 0
2015-440 5644 1 4198 0
2015-440 5006 1 5303 0
2015-440 5663 1 3781 0
2015-440 4894 1 3333 0
2015-440 3917 1 5166 0
2015-440 4180 1 5644 0
2015-440 5663 1 5006 0
2015-440 3917 1 4894 0
2015-440 5663 1 4180 0
2015-440 3917 1 5663 0
2015-500 3819 1 4259 0
2015-500 5201 1 4659 0
2015-500 4252 1 5515 0
2015-500 5438 1 6058 0
2015-500 4606 1 3607 0
2015-500 6419 1 5375 0
2015-500 644 1 3813 0
2015-500 3333 1 5046 0
2015-500 3990 1 5564 0
2015-500 4311 1 3163 0
2015-500 5055 1 6197 0
2015-500 4789 1 4585 0
2015-500 5655 1 4654 0
2015-500 4268 1 5034 0
2015-500 4459 1 4887 0
2015-500 5442 1 6220 0
2015-500 3819 1 5201 0
2015-500 4252 1 5438 0
2015-500 4606 1 6419 0
2015-500 3333 1 644 0
2015-500 4311 1 3990 0
2015-500 4789 1 5055 0
2015-500 5655 1 4268 0
2015-500 5442 1 4459 0
2015-500 3819 1 4252 0
2015-500 3333 1 4606 0
2015-500 4311 1 4789 0
2015-500 5442 1 5655 0
2015-500 3819 1 3333 0
2015-500 4311 1 5442 0
2015-500 3819 1 4311 0
2015-495 4920 1 5565 0
2015-495 4974 1 4799 0
2015-495 4942 1 644 0
2015-495 3852 1 4865 0
2015-495 4606 1 4868 0
2015-495 4619 1 6285 0
2015-495 4659 1 4585 0
2015-495 4794 1 5201 0
2015-495 4570 1 5663 0
2015-495 6419 1 4291 0
2015-495 5303 1 4940 0
2015-495 4913 1 4180 0
2015-495 5131 1 6220 0
2015-495 4752 1 4311 0
2015-495 4269 1 4198 0
2015-495 3819 1 4022 0
2015-495 4920 1 4974 0
2015-495 4942 1 3852 0
2015-495 4606 1 4619 0
2015-495 4659 1 4794 0
2015-495 6419 1 4570 0
2015-495 4913 1 5303 0
2015-495 4752 1 5131 0
2015-495 3819 1 4269 0
2015-495 4920 1 4942 0
2015-495 4606 1 4659 0
2015-495 6419 1 4913 0
2015-495 3819 1 4752 0
2015-495 4920 1 4606 0
2015-495 3819 1 6419 0
2015-495 3819 1 4920 0
2015-560 4920 1 5147 0
2015-560 4887 1 5565 0
2015-560 4558 1 4664 0
2015-560 4311 1 26242 0
2015-560 5131 1 5719 0
2015-560 5794 1 5655 0
2015-560 5564 1 5303 0
2015-560 5663 1 4619 0
2015-560 5670 1 5058 0
2015-560 4269 1 3163 0
2015-560 3888 1 6052 0
2015-560 3852 1 5919 0
2015-560 4921 1 5438 0
2015-560 4654 1 4533 0
2015-560 6030 1 11238 0
2015-560 4742 1 6419 0
2015-560 5324 1 5442 0
2015-560 4942 1 3285 0
2015-560 5025 1 5231 0
2015-560 3990 1 3582 0
2015-560 4541 1 3813 0
2015-560 4716 1 5034 0
2015-560 4659 1 5349 0
2015-560 5006 1 4789 0
2015-560 5220 1 5539 0
2015-560 5528 1 6285 0
2015-560 5055 1 4229 0
2015-560 5764 1 5044 0
2015-560 4868 1 26189 0
2015-560 5364 1 4252 0
2015-560 5923 1 5284 0
2015-560 3970 1 5420 0
2015-560 4526 1 5070 0
2015-560 11240 1 5889 0
2015-560 5067 1 4180 0
2015-560 6045 1 3607 0
2015-560 4677 1 26244 0
2015-560 4329 1 5979 0
2015-560 5370 1 5201 0
2015-560 5375 1 4467 0
2015-560 4728 1 26131 0
2015-560 5561 1 5046 0
2015-560 4794 1 3794 0
2015-560 6220 1 4592 0
2015-560 5057 1 4865 0
2015-560 6402 1 3908 0
2015-560 5166 1 4504 0
2015-560 4913 1 6388 0
2015-560 4606 1 6203 0
2015-560 3781 1 6032 0
2015-560 3917 1 5016 0
2015-560 4198 1 4385 0
2015-560 6058 1 5987 0
2015-560 3720 1 4870 0
2015-560 4894 1 4459 0
2015-560 4752 1 6410 0
2015-560 4544 1 4291 0
2015-560 4022 1 5430 0
2015-560 6197 1 3893 0
2015-560 3333 1 5630 0
2015-560 4259 1 644 0
2015-560 4585 1 11614 0
2015-560 4326 1 4570 0
2015-560 3819 1 4914 0
2015-560 4920 1 4887 0
2015-560 4311 1 4558 0
2015-560 5131 1 5794 0
2015-560 5663 1 5564 0
2015-560 5670 1 4269 0
2015-560 3852 1 3888 0
2015-560 4921 1 4654 0
2015-560 4742 1 6030 0
2015-560 5324 1 4942 0
2015-560 3990 1 5025 0
2015-560 4541 1 4716 0
2015-560 4659 1 5006 0
2015-560 5220 1 5528 0
2015-560 5055 1 5764 0
2015-560 4868 1 5364 0
2015-560 3970 1 5923 0
2015-560 4526 1 11240 0
2015-560 5067 1 6045 0
2015-560 4677 1 4329 0
2015-560 5375 1 5370 0
2015-560 4728 1 5561 0
2015-560 6220 1 4794 0
2015-560 5057 1 6402 0
2015-560 4913 1 5166 0
2015-560 4606 1 3781 0
2015-560 4198 1 3917 0
2015-560 6058 1 3720 0
2015-560 4752 1 4894 0
2015-560 4544 1 4022 0
2015-560 6197 1 3333 0
2015-560 4259 1 4585 0
2015-560 3819 1 4326 0
2015-560 4920 1 4311 0
2015-560 5131 1 5663 0
2015-560 3852 1 5670 0
2015-560 4921 1 4742 0
2015-560 5324 1 3990 0
2015-560 4541 1 4659 0
2015-560 5220 1 5055 0
2015-560 4868 1 3970 0
2015-560 4526 1 5067 0
2015-560 5375 1 4677 0
2015-560 4728 1 6220 0
2015-560 4913 1 5057 0
2015-560 4606 1 4198 0
2015-560 4752 1 6058 0
2015-560 4544 1 6197 0
2015-560 3819 1 4259 0
2015-560 4920 1 5131 0
2015-560 3852 1 4921 0
2015-560 4541 1 5324 0
2015-560 5220 1 4868 0
2015-560 4526 1 5375 0
2015-560 4728 1 4913 0
2015-560 4752 1 4606 0
2015-560 3819 1 4544 0
2015-560 4920 1 3852 0
2015-560 5220 1 4541 0
2015-560 4526 1 4728 0
2015-560 3819 1 4752 0
2015-560 4920 1 5220 0
2015-560 3819 1 4526 0
2015-560 4920 1 3819 0
2015-6967 5561 1 5889 0
2015-6967 11228 1 4423 0
2015-6967 6197 1 5573 0
2015-6967 5642 1 5564 0
2015-6967 4619 1 4887 0
2015-6967 3607 1 5044 0
2015-6967 5166 1 6285 0
2015-6967 5331 1 5019 0
2015-6967 4585 1 4794 0
2015-6967 5370 1 4022 0
2015-6967 11240 1 5829 0
2015-6967 5349 1 5201 0
2015-6967 4606 1 5561 0
2015-6967 6197 1 11228 0
2015-6967 3990 1 5642 0
2015-6967 4619 1 3607 0
2015-6967 5166 1 5331 0
2015-6967 4198 1 4585 0
2015-6967 11240 1 5370 0
2015-6967 5220 1 5349 0
2015-6967 4606 1 6197 0
2015-6967 3990 1 4619 0
2015-6967 4198 1 5166 0
2015-6967 5220 1 11240 0
2015-6967 4606 1 3990 0
2015-6967 4198 1 5220 0
2015-6967 4606 1 4198 0
2015-773 4385 1 5333 0
2015-773 5247 1 4794 0
2015-773 4592 1 4677 0
2015-773 6419 1 4659 0
2015-773 4291 1 4252 0
2015-773 6197 1 6030 0
2015-773 4198 1 5828 0
2015-773 4570 1 4326 0
2015-773 5571 1 5125 0
2015-773 4619 1 4974 0
2015-773 4887 1 4470 0
2015-773 4022 1 5644 0
2015-773 4467 1 4385 0
2015-773 4592 1 5247 0
2015-773 3333 1 6419 0
2015-773 6197 1 4291 0
2015-773 4198 1 4570 0
2015-773 4585 1 5571 0
2015-773 4619 1 4887 0
2015-773 4789 1 4022 0
2015-773 4592 1 4467 0
2015-773 6197 1 3333 0
2015-773 4198 1 4585 0
2015-773 4789 1 4619 0
2015-773 6197 1 4592 0
2015-773 4198 1 4789 0
2015-773 4198 1 6197 0
2015-337 3970 1 5070 0
2015-337 4198 1 5046 0
2015-337 3285 1 10640 0
2015-337 4921 1 3908 0
2015-337 4541 1 3163 0
2015-337 4585 1 5209 0
2015-337 3893 1 4329 0
2015-337 4789 1 5057 0
2015-337 3333 1 4311 0
2015-337 4659 1 5515 0
2015-337 5201 1 11230 0
2015-337 4544 1 4927 0
2015-337 5655 1 6220 0
2015-337 5438 1 5231 0
2015-337 6197 1 5577 0
2015-337 4728 1 4887 0
2015-337 3970 1 4198 0
2015-337 4921 1 3285 0
2015-337 4585 1 4541 0
2015-337 4789 1 3893 0
2015-337 3333 1 4659 0
2015-337 5201 1 4544 0
2015-337 5438 1 5655 0
2015-337 4728 1 6197 0
2015-337 3970 1 4921 0
2015-337 4789 1 4585 0
2015-337 5201 1 3333 0
2015-337 5438 1 4728 0
2015-337 3970 1 4789 0
2015-337 5438 1 5201 0
2015-337 3970 1 5438 0
2015-311 4913 1 4229 0
2015-311 4269 1 5131 0
2015-311 4180 1 4022 0
2015-311 5764 1 5016 0
2015-311 5220 1 5166 0
2015-311 4677 1 3908 0
2015-311 4544 1 11614 0
2015-311 3852 1 5303 0
2015-311 4467 1 5663 0
2015-311 6410 1 4868 0
2015-311 4752 1 4619 0
2015-311 5670 1 4865 0
2015-311 5231 1 4742 0
2015-311 4198 1 4664 0
2015-311 4728 1 3720 0
2015-311 4526 1 6388 0
2015-311 4913 1 4269 0
2015-311 4180 1 5764 0
2015-311 4677 1 5220 0
2015-311 4544 1 3852 0
2015-311 4467 1 6410 0
2015-311 5670 1 4752 0
2015-311 4198 1 5231 0
2015-311 4728 1 4526 0
2015-311 4913 1 4180 0
2015-311 4677 1 4544 0
2015-311 4467 1 5670 0
2015-311 4728 1 4198 0
2015-311 4913 1 4677 0
2015-311 4728 1 4467 0
2015-311 4913 1 4728 0
2015-6932 4742 1 5057 0
2015-6932 5794 1 4122 0
2015-6932 3656 1 4216 0
2015-6932 4654 1 4596 0
2015-6932 4921 1 6197 0
2015-6932 4664 1 3893 0
2015-6932 5630 1 6030 0
2015-6932 5364 1 5571 0
2015-6932 5629 1 4914 0
2015-6932 5147 1 6019 0
2015-6932 4887 1 5070 0
2015-6932 3990 1 11238 0
2015-6932 4337 1 5046 0
2015-6932 3813 1 6052 0
2015-6932 5210 1 6092 0
2015-6932 3970 1 4592 0
2015-6932 4742 1 5794 0
2015-6932 4654 1 3656 0
2015-6932 4921 1 4664 0
2015-6932 5630 1 5364 0
2015-6932 5147 1 5629 0
2015-6932 4887 1 3990 0
2015-6932 4337 1 3813 0
2015-6932 3970 1 5210 0
2015-6932 4742 1 4654 0
2015-6932 4921 1 5630 0
2015-6932 4887 1 5147 0
2015-6932 3970 1 4337 0
2015-6932 4921 1 4742 0
2015-6932 3970 1 4887 0
2015-6932 3970 1 4921 0
2015-315 4329 1 4544 0
2015-315 5209 1 5979 0
2015-315 4273 1 4879 0
2015-315 5166 1 3163 0
2015-315 5430 1 6058 0
2015-315 11614 1 5561 0
2015-315 5140 1 11548 0
2015-315 5438 1 3582 0
2015-315 3401 1 5058 0
2015-315 4268 1 4628 0
2015-315 5034 1 4939 0
2015-315 6045 1 3285 0
2015-315 5016 1 5044 0
2015-315 4459 1 4844 0
2015-315 4291 1 5294 0
2015-315 3333 1 5006 0
2015-315 4329 1 5209 0
2015-315 5166 1 4273 0
2015-315 5430 1 11614 0
2015-315 5140 1 5438 0
2015-315 3401 1 4268 0
2015-315 6045 1 5034 0
2015-315 4459 1 5016 0
2015-315 3333 1 4291 0
2015-315 4329 1 5166 0
2015-315 5430 1 5140 0
2015-315 6045 1 3401 0
2015-315 3333 1 4459 0
2015-315 4329 1 5430 0
2015-315 3333 1 6045 0
2015-315 4329 1 3333 0
2015-314 4546 1 26131 0
2015-314 4794 1 5263 0
2015-314 5303 1 5954 0
2015-314 5571 1 23958 0
2015-314 3565 1 5147 0
2015-314 5057 1 6280 0
2015-314 5794 1 4022 0
2015-314 4894 1 4716 0
2015-314 5630 1 3843 0
2015-314 5046 1 3893 0
2015-314 4942 1 5710 0
2015-314 4711 1 4879 0
2015-314 5663 1 4546 0
2015-314 5303 1 4794 0
2015-314 4664 1 5571 0
2015-314 5057 1 3565 0
2015-314 5794 1 4894 0
2015-314 6220 1 5630 0
2015-314 5046 1 4942 0
2015-314 3852 1 4711 0
2015-314 5663 1 5303 0
2015-314 5057 1 4664 0
2015-314 6220 1 5794 0
2015-314 3852 1 5046 0
2015-314 5663 1 5057 0
2015-314 6220 1 3852 0
2015-314 6220 1 5663 0
2015-741 4570 1 3607 0
2015-741 644 1 5055 0
2015-741 4619 1 4423 0
2015-741 5370 1 6030 0
2015-741 11240 1 5070 0
2015-741 5058 1 4865 0
2015-741 4794 1 4596 0
2015-741 4659 1 5438 0
2015-741 4291 1 6365 0
2015-741 5231 1 5375 0
2015-741 4229 1 5067 0
2015-741 26240 1 5794 0
2015-741 4533 1 4592 0
2015-741 5046 1 4887 0
2015-741 5025 1 4994 0
2015-741 4716 1 5565 0
2015-741 4570 1 3970 0
2015-741 644 1 5057 0
2015-741 4619 1 5364 0
2015-741 5166 1 5370 0
2015-741 4914 1 11240 0
2015-741 6197 1 5058 0
2015-741 4794 1 4337 0
2015-741 4659 1 4677 0
2015-741 6220 1 4291 0
2015-741 5231 1 4664 0
2015-741 4229 1 4311 0
2015-741 3852 1 26240 0
2015-741 4654 1 4533 0
2015-741 5016 1 5046 0
2015-741 5303 1 5025 0
2015-741 4467 1 4716 0
2015-741 4570 1 644 0
2015-741 4619 1 5166 0
2015-741 4914 1 6197 0
2015-741 4794 1 4659 0
2015-741 5231 1 6220 0
2015-741 4229 1 3852 0
2015-741 5016 1 4654 0
2015-741 4467 1 5303 0
2015-741 4570 1 4619 0
2015-741 4794 1 4914 0
2015-741 5231 1 4229 0
2015-741 5016 1 4467 0
2015-741 4794 1 4570 0
2015-741 5016 1 5231 0
2015-741 4794 1 5016 0
2015-319 4887 1 5147 0
2015-319 3656 1 5577 0
2015-319 6030 1 5070 0
2015-319 10640 1 5370 0
2015-319 5046 1 4296 0
2015-319 4259 1 5515 0
2015-319 4894 1 4337 0
2015-319 5630 1 5794 0
2015-319 3908 1 4927 0
2015-319 4596 1 6197 0
2015-319 3781 1 4592 0
2015-319 5571 1 4022 0
2015-319 6220 1 4887 0
2015-319 3656 1 6030 0
2015-319 4921 1 10640 0
2015-319 4259 1 5046 0
2015-319 5630 1 4894 0
2015-319 3908 1 5364 0
2015-319 4596 1 3781 0
2015-319 5571 1 4311 0
2015-319 6220 1 3656 0
2015-319 4259 1 4921 0
2015-319 3908 1 5630 0
2015-319 4596 1 5571 0
2015-319 4259 1 6220 0
2015-319 3908 1 4596 0
2015-319 4259 1 3908 0
2015-580 4920 1 5370 0
2015-580 5710 1 5070 0
2015-580 4423 1 11238 0
2015-580 4269 1 4865 0
2015-580 4544 1 4498 0
2015-580 4887 1 6349 0
2015-580 4180 1 5794 0
2015-580 5131 1 6220 0
2015-580 3852 1 6032 0
2015-580 5166 1 5629 0
2015-580 5655 1 5642 0
2015-580 4789 1 6285 0
2015-580 3794 1 3898 0
2015-580 3720 1 5573 0
2015-580 5375 1 5040 0
2015-580 5670 1 5006 0
2015-580 4526 1 4942 0
2015-580 5644 1 4664 0
2015-580 3813 1 4974 0
2015-580 4893 1 4654 0
2015-580 3893 1 5231 0
2015-580 5565 1 5016 0
2015-580 4198 1 5367 0
2015-580 5284 1 4921 0
2015-580 3970 1 5057 0
2015-580 4659 1 5571 0
2015-580 4716 1 3565 0
2015-580 4467 1 4894 0
2015-580 5046 1 3401 0
2015-580 5438 1 6365 0
2015-580 4470 1 5147 0
2015-580 5442 1 4596 0
2015-580 4606 1 4268 0
2015-580 3781 1 3607 0
2015-580 4677 1 6197 0
2015-580 4914 1 5349 0
2015-580 4259 1 3908 0
2015-580 6058 1 4732 0
2015-580 5025 1 5923 0
2015-580 6410 1 5201 0
2015-580 4728 1 6030 0
2015-580 5564 1 4992 0
2015-580 5889 1 4879 0
2015-580 4752 1 4122 0
2015-580 4585 1 4927 0
2015-580 4533 1 5515 0
2015-580 5058 1 6278 0
2015-580 4742 1 4022 0
2015-580 4913 1 6013 0
2015-580 4593 1 4627 0
2015-580 5303 1 11479 0
2015-580 5364 1 5140 0
2015-580 5663 1 3188 0
2015-580 4570 1 4558 0
2015-580 5034 1 4216 0
2015-580 5764 1 4459 0
2015-580 4273 1 3990 0
2015-580 4291 1 5055 0
2015-580 6388 1 5630 0
2015-580 3333 1 5067 0
2015-580 4868 1 6419 0
2015-580 4311 1 4794 0
2015-580 4619 1 4337 0
2015-580 3819 1 4229 0
2015-580 4920 1 5710 0
2015-580 4269 1 4423 0
2015-580 4544 1 4887 0
2015-580 4180 1 5131 0
2015-580 3852 1 5166 0
2015-580 5655 1 4789 0
2015-580 3794 1 3720 0
2015-580 5670 1 5375 0
2015-580 4526 1 5644 0
2015-580 3813 1 4893 0
2015-580 5565 1 3893 0
2015-580 4198 1 5284 0
2015-580 3970 1 4659 0
2015-580 4467 1 4716 0
2015-580 5438 1 5046 0
2015-580 5442 1 4470 0
2015-580 4606 1 3781 0
2015-580 4677 1 4914 0
2015-580 6058 1 4259 0
2015-580 5025 1 6410 0
2015-580 4728 1 5564 0
2015-580 4752 1 5889 0
2015-580 4533 1 4585 0
2015-580 4742 1 5058 0
2015-580 4913 1 4593 0
2015-580 5303 1 5364 0
2015-580 4570 1 5663 0
2015-580 5764 1 5034 0
2015-580 4291 1 4273 0
2015-580 6388 1 3333 0
2015-580 4311 1 4868 0
2015-580 3819 1 4619 0
2015-580 4920 1 4269 0
2015-580 4180 1 4544 0
2015-580 3852 1 5655 0
2015-580 5670 1 3794 0
2015-580 4526 1 3813 0
2015-580 4198 1 5565 0
2015-580 3970 1 4467 0
2015-580 5442 1 5438 0
2015-580 4606 1 4677 0
2015-580 6058 1 5025 0
2015-580 4728 1 4752 0
2015-580 4742 1 4533 0
2015-580 4913 1 5303 0
2015-580 5764 1 4570 0
2015-580 6388 1 4291 0
2015-580 4311 1 3819 0
2015-580 4920 1 4180 0
2015-580 5670 1 3852 0
2015-580 4526 1 4198 0
2015-580 5442 1 3970 0
2015-580 4606 1 6058 0
2015-580 4742 1 4728 0
2015-580 4913 1 5764 0
2015-580 6388 1 4311 0
2015-580 4920 1 5670 0
2015-580 4526 1 5442 0
2015-580 4606 1 4742 0
2015-580 4913 1 6388 0
2015-580 4920 1 4526 0
2015-580 4913 1 4606 0
2015-580 4920 1 4913 0
2015-316 5324 1 5426 0
2015-316 4794 1 6030 0
2015-316 4596 1 4269 0
2015-316 5630 1 4296 0
2015-316 4326 1 4592 0
2015-316 5655 1 5056 0
2015-316 5057 1 11238 0
2015-316 5859 1 5147 0
2015-316 644 1 4711 0
2015-316 3908 1 4868 0
2015-316 5201 1 4942 0
2015-316 5070 1 4562 0
2015-316 5324 1 5663 0
2015-316 4794 1 4596 0
2015-316 4654 1 5630 0
2015-316 4326 1 5655 0
2015-316 5057 1 5859 0
2015-316 644 1 4337 0
2015-316 3908 1 5201 0
2015-316 3990 1 5070 0
2015-316 5324 1 4794 0
2015-316 4654 1 4326 0
2015-316 644 1 5057 0
2015-316 3990 1 3908 0
2015-316 5324 1 4654 0
2015-316 3990 1 644 0
2015-316 5324 1 3990 0
2015-506 6019 1 3656 0
2015-506 3893 1 5057 0
2015-506 5630 1 5794 0
2015-506 4122 1 6030 0
2015-506 5476 1 6052 0
2015-506 5629 1 6197 0
2015-506 4914 1 3565 0
2015-506 4337 1 4216 0
2015-506 5806 1 5113 0
2015-506 4596 1 4664 0
2015-506 5070 1 4546 0
2015-506 5939 1 3813 0
2015-506 4742 1 6019 0
2015-506 5630 1 3893 0
2015-506 4122 1 4921 0
2015-506 5629 1 5476 0
2015-506 4337 1 4914 0
2015-506 4654 1 5806 0
2015-506 4596 1 5070 0
2015-506 3990 1 5939 0
2015-506 4742 1 5630 0
2015-506 4122 1 5629 0
2015-506 4337 1 4654 0
2015-506 4596 1 3990 0
2015-506 4742 1 4122 0
2015-506 4337 1 4596 0
2015-506 4742 1 4337 0
2015-807 5442 1 5284 0
2015-807 4229 1 3607 0
2015-807 4887 1 4894 0
2015-807 5231 1 5025 0
2015-807 4728 1 4459 0
2015-807 5438 1 4470 0
2015-807 4677 1 4534 0
2015-807 5046 1 5561 0
2015-807 3333 1 4558 0
2015-807 5571 1 6410 0
2015-807 5979 1 5375 0
2015-807 5764 1 5923 0
2015-807 3794 1 4732 0
2015-807 6058 1 5166 0
2015-807 4593 1 4716 0
2015-807 3970 1 4992 0
2015-807 5442 1 4229 0
2015-807 5231 1 4887 0
2015-807 4728 1 5438 0
2015-807 4677 1 5046 0
2015-807 3333 1 5571 0
2015-807 5979 1 5764 0
2015-807 6058 1 3794 0
2015-807 3970 1 4593 0
2015-807 5442 1 5231 0
2015-807 4728 1 4677 0
2015-807 5979 1 3333 0
2015-807 3970 1 6058 0
2015-807 5442 1 4728 0
2015-807 3970 1 5979 0
2015-807 3970 1 5442 0
2015-573 4973 1 6388 0
2015-573 5565 1 5046 0
2015-573 5370 1 4868 0
2015-573 4654 1 5794 0
2015-573 5303 1 4180 0
2015-573 5324 1 5601 0
2015-573 5131 1 4596 0
2015-573 26131 1 4716 0
2015-573 4994 1 5057 0
2015-573 4198 1 4269 0
2015-573 6108 1 4307 0
2015-573 5438 1 5364 0
2015-573 4973 1 3656 0
2015-573 5565 1 5370 0
2015-573 4654 1 6058 0
2015-573 5303 1 5324 0
2015-573 5131 1 26131 0
2015-573 4994 1 4921 0
2015-573 4198 1 6108 0
2015-573 5438 1 3852 0
2015-573 5565 1 4973 0
2015-573 5303 1 4654 0
2015-573 5131 1 4994 0
2015-573 5438 1 4198 0
2015-573 5303 1 5565 0
2015-573 5131 1 5438 0
2015-573 5303 1 5131 0
2015-6242 5370 1 6052 0
2015-6242 5719 1 4659 0
2015-6242 5794 1 3163 0
2015-6242 4619 1 5630 0
2015-6242 4794 1 5375 0
2015-6242 5025 1 11614 0
2015-6242 11240 1 4865 0
2015-6242 4229 1 4894 0
2015-6242 26244 1 5889 0
2015-6242 5364 1 4942 0
2015-6242 6410 1 5231 0
2015-6242 4291 1 5147 0
2015-6242 5046 1 4326 0
2015-6242 6030 1 4592 0
2015-6242 4585 1 5201 0
2015-6242 5055 1 3917 0
2015-6242 5370 1 4467 0
2015-6242 5719 1 4570 0
2015-6242 5794 1 5303 0
2015-6242 4619 1 5016 0
2015-6242 4541 1 4794 0
2015-6242 5438 1 5025 0
2015-6242 11240 1 5324 0
2015-6242 4229 1 4198 0
2015-6242 5057 1 26244 0
2015-6242 6197 1 5364 0
2015-6242 4558 1 6410 0
2015-6242 4291 1 4677 0
2015-6242 6419 1 5046 0
2015-6242 6030 1 4664 0
2015-6242 5655 1 4585 0
2015-6242 4728 1 5055 0
2015-6242 5719 1 5370 0
2015-6242 5794 1 4619 0
2015-6242 5438 1 4541 0
2015-6242 4229 1 11240 0
2015-6242 5057 1 6197 0
2015-6242 4291 1 4558 0
2015-6242 6419 1 6030 0
2015-6242 4728 1 5655 0
2015-6242 5719 1 5794 0
2015-6242 5438 1 4229 0
2015-6242 4291 1 5057 0
2015-6242 4728 1 6419 0
2015-6242 5719 1 5438 0
2015-6242 4728 1 4291 0
2015-6242 4728 1 5719 0
2015-2276 4570 1 5875 0
2015-2276 4659 1 6419 0
2015-2276 4022 1 4879 0
2015-2276 5987 1 3582 0
2015-2276 4423 1 4893 0
2015-2276 4677 1 5006 0
2015-2276 4311 1 4894 0
2015-2276 4865 1 5092 0
2015-2276 5564 1 5034 0
2015-2276 4716 1 3781 0
2015-2276 4470 1 6230 0
2015-2276 4992 1 4432 0
2015-2276 4570 1 3333 0
2015-2276 4022 1 4659 0
2015-2276 4198 1 5987 0
2015-2276 4677 1 4423 0
2015-2276 4311 1 4865 0
2015-2276 5564 1 4180 0
2015-2276 4716 1 4470 0
2015-2276 4992 1 5166 0
2015-2276 4570 1 4022 0
2015-2276 4198 1 4677 0
2015-2276 4311 1 5564 0
2015-2276 4716 1 4992 0
2015-2276 4198 1 4570 0
2015-2276 4311 1 4716 0
2015-2276 4198 1 4311 0
2015-308 4994 1 5515 0
2015-308 4659 1 4780 0
2015-308 4585 1 4252 0
2015-308 3285 1 4733 0
2015-308 3607 1 4677 0
2015-308 4385 1 6058 0
2015-308 4259 1 6197 0
2015-308 644 1 3794 0
2015-308 4619 1 4459 0
2015-308 4921 1 5531 0
2015-308 6220 1 5565 0
2015-308 4664 1 5147 0
2015-308 4913 1 4994 0
2015-308 4585 1 4659 0
2015-308 5131 1 3285 0
2015-308 3607 1 4385 0
2015-308 4259 1 644 0
2015-308 5663 1 4619 0
2015-308 6220 1 4921 0
2015-308 5577 1 4664 0
2015-308 4913 1 4585 0
2015-308 5131 1 3607 0
2015-308 4259 1 5663 0
2015-308 5577 1 6220 0
2015-308 4913 1 5131 0
2015-308 4259 1 5577 0
2015-308 4913 1 4259 0
2015-418 4558 1 3794 0
2015-418 5564 1 4229 0
2015-418 5375 1 3163 0
2015-418 3607 1 11834 0
2015-418 4180 1 4291 0
2015-418 5067 1 4593 0
2015-418 5438 1 5034 0
2015-418 5539 1 4470 0
2015-418 644 1 6402 0
2015-418 5231 1 5058 0
2015-418 4423 1 5972 0
2015-418 11240 1 4533 0
2015-418 3720 1 5430 0
2015-418 5025 1 5057 0
2015-418 5629 1 6032 0
2015-418 5889 1 5979 0
2015-418 4558 1 4913 0
2015-418 5564 1 4654 0
2015-418 5565 1 5375 0
2015-418 4544 1 3607 0
2015-418 4752 1 4180 0
2015-418 6045 1 5067 0
2015-418 5438 1 6058 0
2015-418 5764 1 5539 0
2015-418 644 1 4728 0
2015-418 5231 1 3333 0
2015-418 5016 1 4423 0
2015-418 5220 1 11240 0
2015-418 3852 1 3720 0
2015-418 5025 1 4677 0
2015-418 4914 1 5629 0
2015-418 5442 1 5889 0
2015-418 5564 1 4558 0
2015-418 4544 1 5565 0
2015-418 6045 1 4752 0
2015-418 5438 1 5764 0
2015-418 644 1 5231 0
2015-418 5220 1 5016 0
2015-418 5025 1 3852 0
2015-418 5442 1 4914 0
2015-418 4544 1 5564 0
2015-418 5438 1 6045 0
2015-418 5220 1 644 0
2015-418 5442 1 5025 0
2015-418 4544 1 5438 0
2015-418 5442 1 5220 0
2015-418 5442 1 4544 0
2015-6116 3285 1 11191 0
2015-6116 5564 1 5058 0
2015-6116 5438 1 5034 0
2015-6116 6032 1 5979 0
2015-6116 4533 1 3888 0
2015-6116 3794 1 3582 0
2015-6116 4180 1 5375 0
2015-6116 11614 1 4499 0
2015-6116 4423 1 5231 0
2015-6116 4570 1 5561 0
2015-6116 5025 1 26244 0
2015-6116 4229 1 4291 0
2015-6116 4544 1 3285 0
2015-6116 5564 1 5438 0
2015-6116 6032 1 6045 0
2015-6116 4533 1 3794 0
2015-6116 4180 1 11614 0
2015-6116 4423 1 5166 0
2015-6116 4570 1 5025 0
2015-6116 5565 1 4229 0
2015-6116 4544 1 5564 0
2015-6116 6032 1 4533 0
2015-6116 4180 1 4423 0
2015-6116 4570 1 5565 0
2015-6116 4544 1 6032 0
2015-6116 4570 1 4180 0
2015-6116 4544 1 4570 0
2015-414 4742 1 4269 0
2015-414 6197 1 4887 0
2015-414 5655 1 6108 0
2015-414 4654 1 6030 0
2015-414 4311 1 5364 0
2015-414 4252 1 3656 0
2015-414 4619 1 4585 0
2015-414 44756 1 4198 0
2015-414 4921 1 4868 0
2015-414 5070 1 4596 0
2015-414 5370 1 4592 0
2015-414 5131 1 6419 0
2015-414 4337 1 5201 0
2015-414 6285 1 5427 0
2015-414 5324 1 4259 0
2015-414 3990 1 644 0
2015-414 4742 1 6197 0
2015-414 4654 1 5655 0
2015-414 4311 1 4252 0
2015-414 4619 1 44756 0
2015-414 4921 1 5070 0
2015-414 5370 1 5131 0
2015-414 6285 1 4337 0
2015-414 5324 1 3990 0
2015-414 4742 1 4654 0
2015-414 4311 1 4619 0
2015-414 4921 1 5370 0
2015-414 6285 1 5324 0
2015-414 4742 1 4311 0
2015-414 4921 1 6285 0
2015-414 4742 1 4921 0
2015-1536 6388 1 4592 0
2015-1536 5057 1 4868 0
2015-1536 4544 1 5166 0
2015-1536 4541 1 4585 0
2015-1536 6045 1 4664 0
2015-1536 4752 1 3333 0
2015-1536 5438 1 5284 0
2015-1536 4562 1 6058 0
2015-1536 4619 1 4728 0
2015-1536 5764 1 5375 0
2015-1536 4921 1 5046 0
2015-1536 5303 1 5655 0
2015-1536 5070 1 4654 0
2015-1536 4269 1 4198 0
2015-1536 5220 1 6197 0
2015-1536 5131 1 5644 0
2015-1536 5016 1 6410 0
2015-1536 5663 1 5201 0
2015-1536 4337 1 4596 0
2015-1536 4914 1 4180 0
2015-1536 3852 1 3794 0
2015-1536 4789 1 4677 0
2015-1536 4716 1 5364 0
2015-1536 4259 1 4268 0
2015-1536 6388 1 3819 0
2015-1536 4544 1 5057 0
2015-1536 4541 1 6045 0
2015-1536 4606 1 4752 0
2015-1536 4742 1 5438 0
2015-1536 4619 1 4562 0
2015-1536 5764 1 4921 0
2015-1536 4526 1 5303 0
2015-1536 3970 1 5070 0
2015-1536 4269 1 5220 0
2015-1536 5131 1 5016 0
2015-1536 5442 1 5663 0
2015-1536 5670 1 4337 0
2015-1536 4914 1 3852 0
2015-1536 4716 1 4789 0
2015-1536 4913 1 4259 0
2015-1536 4544 1 6388 0
2015-1536 4606 1 4541 0
2015-1536 4742 1 4619 0
2015-1536 5764 1 4526 0
2015-1536 3970 1 4269 0
2015-1536 5442 1 5131 0
2015-1536 5670 1 4914 0
2015-1536 4913 1 4716 0
2015-1536 4606 1 4544 0
2015-1536 4742 1 5764 0
2015-1536 5442 1 3970 0
2015-1536 4913 1 5670 0
2015-1536 4742 1 4606 0
2015-1536 4913 1 5442 0
2015-1536 4913 1 4742 0
2015-416 4596 1 4562 0
2015-416 5057 1 6030 0
2015-416 5131 1 4716 0
2015-416 3852 1 6388 0
2015-416 4677 1 6058 0
2015-416 6197 1 5201 0
2015-416 4868 1 4585 0
2015-416 5663 1 5056 0
2015-416 4541 1 5016 0
2015-416 4198 1 5220 0
2015-416 5231 1 5364 0
2015-416 4752 1 5333 0
2015-416 4337 1 5571 0
2015-416 6220 1 4619 0
2015-416 4467 1 6045 0
2015-416 4544 1 5303 0
2015-416 4914 1 5930 0
2015-416 4942 1 5166 0
2015-416 6377 1 5046 0
2015-416 4921 1 5438 0
2015-416 5764 1 5655 0
2015-416 4728 1 4252 0
2015-416 4259 1 5375 0
2015-416 4654 1 3893 0
2015-416 4920 1 4596 0
2015-416 5057 1 5131 0
2015-416 4677 1 3852 0
2015-416 5442 1 6197 0
2015-416 4913 1 4868 0
2015-416 5663 1 4541 0
2015-416 4198 1 5231 0
2015-416 3970 1 4752 0
2015-416 4526 1 4337 0
2015-416 6220 1 4467 0
2015-416 4544 1 4914 0
2015-416 4742 1 4942 0
2015-416 4606 1 6377 0
2015-416 4921 1 5764 0
2015-416 4728 1 4259 0
2015-416 3819 1 4654 0
2015-416 4920 1 5057 0
2015-416 5442 1 4677 0
2015-416 5663 1 4913 0
2015-416 3970 1 4198 0
2015-416 4526 1 6220 0
2015-416 4742 1 4544 0
2015-416 4606 1 4921 0
2015-416 3819 1 4728 0
2015-416 4920 1 5442 0
2015-416 3970 1 5663 0
2015-416 4526 1 4742 0
2015-416 3819 1 4606 0
2015-416 4920 1 3970 0
2015-416 3819 1 4526 0
2015-416 4920 1 3819 0
2015-375 4927 1 4942 0
2015-375 4326 1 5140 0
2015-375 3813 1 5515 0
2015-375 6285 1 4627 0
2015-375 4533 1 5125 0
2015-375 4794 1 4291 0
2015-375 5303 1 6349 0
2015-375 4732 1 4671 0
2015-375 3908 1 6108 0
2015-375 5655 1 4459 0
2015-375 5324 1 5919 0
2015-375 4273 1 4675 0
2015-375 4789 1 4927 0
2015-375 4326 1 3813 0
2015-375 4752 1 6285 0
2015-375 4794 1 4533 0
2015-375 5303 1 4732 0
2015-375 4259 1 3908 0
2015-375 5655 1 5324 0
2015-375 4467 1 4273 0
2015-375 4789 1 4326 0
2015-375 4752 1 4794 0
2015-375 5303 1 4259 0
2015-375 5655 1 4467 0
2015-375 4752 1 4789 0
2015-375 5655 1 5303 0
2015-375 4752 1 5655 0
2015-410 5070 1 4894 0
2015-410 6058 1 4585 0
2015-410 4887 1 5201 0
2015-410 4541 1 5515 0
2015-410 5663 1 5601 0
2015-410 4252 1 4022 0
2015-410 6285 1 6220 0
2015-410 4677 1 5364 0
2015-410 4544 1 5438 0
2015-410 4467 1 4112 0
2015-410 5324 1 6032 0
2015-410 3607 1 4619 0
2015-410 4659 1 5794 0
2015-410 4259 1 5055 0
2015-410 5131 1 3794 0
2015-410 3990 1 4311 0
2015-410 4716 1 5166 0
2015-410 5303 1 4273 0
2015-410 4337 1 6197 0
2015-410 4921 1 5655 0
2015-410 5764 1 4269 0
2015-410 4789 1 5710 0
2015-410 5231 1 6419 0
2015-410 4868 1 6030 0
2015-410 4920 1 5070 0
2015-410 4887 1 6058 0
2015-410 4541 1 5663 0
2015-410 5220 1 4252 0
2015-410 4742 1 6285 0
2015-410 4544 1 4677 0
2015-410 4467 1 5324 0
2015-410 3970 1 3607 0
2015-410 4606 1 4659 0
2015-410 5131 1 4259 0
2015-410 3990 1 4716 0
2015-410 5670 1 5303 0
2015-410 4526 1 4337 0
2015-410 5764 1 4921 0
2015-410 4789 1 5231 0
2015-410 3819 1 4868 0
2015-410 4920 1 4887 0
2015-410 5220 1 4541 0
2015-410 4742 1 4544 0
2015-410 3970 1 4467 0
2015-410 4606 1 5131 0
2015-410 5670 1 3990 0
2015-410 5764 1 4526 0
2015-410 4789 1 3819 0
2015-410 4920 1 5220 0
2015-410 4742 1 3970 0
2015-410 4606 1 5670 0
2015-410 4789 1 5764 0
2015-410 4920 1 4742 0
2015-410 4606 1 4789 0
2015-410 4920 1 4606 0
2015-533 5210 1 4337 0
2015-533 5571 1 4664 0
2015-533 4269 1 4216 0
2015-533 5070 1 6092 0
2015-533 5147 1 5794 0
2015-533 5364 1 5057 0
2015-533 5046 1 6280 0
2015-533 4122 1 5539 0
2015-533 6030 1 3893 0
2015-533 4654 1 6197 0
2015-533 5476 1 5630 0
2015-533 4596 1 5629 0
2015-533 4562 1 5210 0
2015-533 5571 1 4269 0
2015-533 4914 1 5070 0
2015-533 5147 1 5364 0
2015-533 5046 1 4122 0
2015-533 4921 1 6030 0
2015-533 4654 1 5476 0
2015-533 4596 1 3990 0
2015-533 4562 1 5571 0
2015-533 5147 1 4914 0
2015-533 5046 1 4921 0
2015-533 4654 1 4596 0
2015-533 4562 1 5147 0
2015-533 4654 1 5046 0
2015-533 4654 1 4562 0
2015-451 4920 1 5571 0
2015-451 4659 1 6312 0
2015-451 5919 1 4022 0
2015-451 3333 1 4585 0
2015-451 3970 1 5210 0
2015-451 4269 1 4558 0
2015-451 4459 1 3893 0
2015-451 5515 1 4259 0
2015-451 4752 1 4664 0
2015-451 4619 1 3794 0
2015-451 4879 1 4337 0
2015-451 4606 1 4794 0
2015-451 4311 1 4914 0
2015-451 5147 1 4291 0
2015-451 4470 1 5621 0
2015-451 3582 1 4742 0
2015-451 4920 1 4659 0
2015-451 3333 1 5919 0
2015-451 3970 1 4269 0
2015-451 4459 1 5515 0
2015-451 4752 1 4619 0
2015-451 4606 1 4879 0
2015-451 4311 1 5147 0
2015-451 4470 1 3582 0
2015-451 3333 1 4920 0
2015-451 3970 1 4459 0
2015-451 4606 1 4752 0
2015-451 4311 1 4470 0
2015-451 3970 1 3333 0
2015-451 4606 1 4311 0
2015-451 3970 1 4606 0
2015-360 4466 1 4894 0
2015-360 4592 1 4291 0
2015-360 5055 1 5070 0
2015-360 4022 1 4836 0
2015-360 5370 1 4216 0
2015-360 5950 1 6030 0
2015-360 4887 1 5515 0
2015-360 4664 1 4732 0
2015-360 5987 1 3908 0
2015-360 4122 1 5794 0
2015-360 4596 1 6108 0
2015-360 4459 1 5710 0
2015-360 4466 1 4198 0
2015-360 4592 1 5055 0
2015-360 6197 1 4022 0
2015-360 5370 1 5950 0
2015-360 4887 1 4664 0
2015-360 5987 1 4716 0
2015-360 4596 1 4122 0
2015-360 5364 1 4459 0
2015-360 4592 1 4466 0
2015-360 6197 1 5370 0
2015-360 5987 1 4887 0
2015-360 5364 1 4596 0
2015-360 4592 1 6197 0
2015-360 5364 1 5987 0
2015-360 5364 1 4592 0
2015-438 4794 1 5370 0
2015-438 5710 1 5420 0
2015-438 5055 1 26131 0
2015-438 4558 1 17393 0
2015-438 5564 1 4291 0
2015-438 5528 1 6419 0
2015-438 4654 1 5130 0
2015-438 4894 1 5571 0
2015-438 6221 1 4022 0
2015-438 4592 1 5303 0
2015-438 6285 1 4619 0
2015-438 4942 1 5140 0
2015-438 5220 1 4794 0
2015-438 5710 1 5055 0
2015-438 4558 1 4677 0
2015-438 5528 1 5564 0
2015-438 4894 1 4654 0
2015-438 4259 1 6221 0
2015-438 6285 1 4592 0
2015-438 5131 1 4942 0
2015-438 5220 1 5710 0
2015-438 5528 1 4558 0
2015-438 4259 1 4894 0
2015-438 5131 1 6285 0
2015-438 5220 1 5528 0
2015-438 5131 1 4259 0
2015-438 5220 1 5131 0
2015-341 4459 1 4329 0
2015-341 3893 1 4326 0
2015-341 4259 1 5349 0
2015-341 4994 1 5794 0
2015-341 3917 1 5630 0
2015-341 5166 1 4671 0
2015-341 5364 1 3908 0
2015-341 5565 1 4870 0
2015-341 5719 1 4659 0
2015-341 4269 1 644 0
2015-341 4180 1 5370 0
2015-341 4273 1 4927 0
2015-341 4526 1 4459 0
2015-341 4259 1 3893 0
2015-341 4541 1 4994 0
2015-341 3917 1 5166 0
2015-341 5364 1 5565 0
2015-341 4198 1 5719 0
2015-341 4180 1 4269 0
2015-341 4467 1 4273 0
2015-341 4259 1 4526 0
2015-341 4541 1 3917 0
2015-341 5364 1 4198 0
2015-341 4467 1 4180 0
2015-341 4541 1 4259 0
2015-341 4467 1 5364 0
2015-341 4541 1 4467 0
2015-717 5025 1 3607 0
2015-717 5438 1 5375 0
2015-717 5016 1 4593 0
2015-717 4558 1 5058 0
2015-717 11240 1 6019 0
2015-717 4269 1 3893 0
2015-717 4868 1 5571 0
2015-717 4423 1 3720 0
2015-717 5630 1 5564 0
2015-717 5046 1 4296 0
2015-717 4385 1 6092 0
2015-717 6045 1 5147 0
2015-717 3852 1 5025 0
2015-717 5016 1 5438 0
2015-717 4558 1 4544 0
2015-717 4269 1 11240 0
2015-717 4868 1 4423 0
2015-717 4728 1 5630 0
2015-717 5046 1 4385 0
2015-717 6045 1 5131 0
2015-717 5016 1 3852 0
2015-717 4269 1 4558 0
2015-717 4728 1 4868 0
2015-717 6045 1 5046 0
2015-717 5016 1 4269 0
2015-717 6045 1 4728 0
2015-717 6045 1 5016 0
2015-301 5023 1 5284 0
2015-301 5070 1 3893 0
2015-301 4229 1 4337 0
2015-301 5166 1 5630 0
2015-301 4268 1 4903 0
2015-301 4927 1 5046 0
2015-301 5438 1 5303 0
2015-301 5794 1 6419 0
2015-301 5515 1 6220 0
2015-301 6030 1 4198 0
2015-301 5375 1 4423 0
2015-301 6197 1 5057 0
2015-301 6285 1 5023 0
2015-301 5070 1 4229 0
2015-301 5166 1 5131 0
2015-301 4268 1 4927 0
2015-301 5438 1 5794 0
2015-301 4728 1 5515 0
2015-301 5375 1 6030 0
2015-301 6197 1 5201 0
2015-301 6285 1 5070 0
2015-301 5166 1 4268 0
2015-301 4728 1 5438 0
2015-301 6197 1 5375 0
2015-301 5166 1 6285 0
2015-301 6197 1 4728 0
2015-301 6197 1 5166 0
2015-496 4619 1 4562 0
2015-496 5710 1 4974 0
2015-496 4789 1 644 0
2015-496 5565 1 4894 0
2015-496 6220 1 5303 0
2015-496 5663 1 5655 0
2015-496 4467 1 5719 0
2015-496 6419 1 4794 0
2015-496 4868 1 4095 0
2015-496 4659 1 4585 0
2015-496 5515 1 3917 0
2015-496 5324 1 3908 0
2015-496 4619 1 5670 0
2015-496 4789 1 5710 0
2015-496 5131 1 5565 0
2015-496 6220 1 5663 0
2015-496 4467 1 6419 0
2015-496 4868 1 5201 0
2015-496 4659 1 5515 0
2015-496 4526 1 5324 0
2015-496 4789 1 4619 0
2015-496 5131 1 6220 0
2015-496 4467 1 4868 0
2015-496 4659 1 4526 0
2015-496 4789 1 5131 0
2015-496 4467 1 4659 0
2015-496 4467 1 4789 0
2015-322 4585 1 4229 0
2015-322 5630 1 4558 0
2015-322 5710 1 4887 0
2015-322 5166 1 4122 0
2015-322 3781 1 5987 0
2015-322 5303 1 5147 0
2015-322 5057 1 4570 0
2015-322 4794 1 4385 0
2015-322 5070 1 4593 0
2015-322 4022 1 5515 0
2015-322 5046 1 5564 0
2015-322 26131 1 3813 0
2015-322 4526 1 4585 0
2015-322 5630 1 5710 0
2015-322 4664 1 5166 0
2015-322 5303 1 3781 0
2015-322 5057 1 4794 0
2015-322 5070 1 3794 0
2015-322 5046 1 4022 0
2015-322 5220 1 26131 0
2015-322 5630 1 4526 0
2015-322 5303 1 4664 0
2015-322 5057 1 5070 0
2015-322 5046 1 5220 0
2015-322 5303 1 5630 0
2015-322 5057 1 5046 0
2015-322 5057 1 5303 0
2015-321 4570 1 4585 0
2015-321 3163 1 5055 0
2015-321 6058 1 5515 0
2015-321 4887 1 9777 0
2015-321 5655 1 4459 0
2015-321 4259 1 5231 0
2015-321 4677 1 6419 0
2015-321 644 1 6194 0
2015-321 5025 1 4659 0
2015-321 4994 1 6220 0
2015-321 4311 1 3794 0
2015-321 4893 1 5367 0
2015-321 4742 1 4570 0
2015-321 6058 1 3163 0
2015-321 4789 1 4887 0
2015-321 4259 1 5655 0
2015-321 4677 1 644 0
2015-321 5025 1 3852 0
2015-321 4994 1 4311 0
2015-321 5220 1 4893 0
2015-321 4742 1 6058 0
2015-321 4789 1 4259 0
2015-321 4677 1 5025 0
2015-321 5220 1 4994 0
2015-321 4742 1 4789 0
2015-321 4677 1 5220 0
2015-321 4742 1 4677 0
2015-7290 4894 1 5564 0
2015-7290 5923 1 5284 0
2015-7290 6388 1 5070 0
2015-7290 5794 1 5992 0
2015-7290 3656 1 4767 0
2015-7290 4180 1 6380 0
2015-7290 4752 1 4593 0
2015-7290 4927 1 5658 0
2015-7290 4596 1 3565 0
2015-7290 6419 1 4868 0
2015-7290 4348 1 5303 0
2015-7290 4198 1 6135 0
2015-7290 4894 1 3852 0
2015-7290 6388 1 5923 0
2015-7290 5794 1 10792 0
2015-7290 4180 1 3656 0
2015-7290 4752 1 4927 0
2015-7290 4596 1 4914 0
2015-7290 6419 1 4348 0
2015-7290 4198 1 4728 0
2015-7290 6388 1 4894 0
2015-7290 5794 1 4180 0
2015-7290 4752 1 4596 0
2015-7290 4198 1 6419 0
2015-7290 6388 1 5794 0
2015-7290 4752 1 4198 0
2015-7290 4752 1 6388 0
2015-568 4619 1 26131 0
2015-568 4716 1 6410 0
2015-568 5303 1 5420 0
2015-568 4887 1 4592 0
2015-568 3794 1 4974 0
2015-568 4794 1 5055 0
2015-568 5655 1 5324 0
2015-568 6285 1 5564 0
2015-568 4558 1 6125 0
2015-568 3990 1 4022 0
2015-568 4570 1 5201 0
2015-568 5528 1 5091 0
2015-568 4619 1 4606 0
2015-568 5303 1 4716 0
2015-568 6220 1 4887 0
2015-568 4794 1 3794 0
2015-568 6285 1 5655 0
2015-568 5131 1 4558 0
2015-568 3990 1 4570 0
2015-568 5670 1 5528 0
2015-568 5303 1 4619 0
2015-568 6220 1 4794 0
2015-568 5131 1 6285 0
2015-568 5670 1 3990 0
2015-568 5303 1 6220 0
2015-568 5670 1 5131 0
2015-568 5670 1 5303 0
2015-747 4920 1 4619 0
2015-747 5573 1 4794 0
2015-747 5349 1 3990 0
2015-747 4544 1 6220 0
2015-747 3970 1 5057 0
2015-747 4585 1 5370 0
2015-747 4229 1 5166 0
2015-747 4677 1 5670 0
2015-747 4887 1 4541 0
2015-747 6045 1 4558 0
2015-747 5565 1 3607 0
2015-747 4742 1 5829 0
2015-747 5663 1 4311 0
2015-747 4921 1 5364 0
2015-747 3333 1 4198 0
2015-747 4654 1 4606 0
2015-747 4920 1 5573 0
2015-747 4544 1 5349 0
2015-747 3970 1 4585 0
2015-747 4229 1 4677 0
2015-747 6045 1 4887 0
2015-747 4742 1 5565 0
2015-747 4921 1 5663 0
2015-747 4654 1 3333 0
2015-747 4920 1 4544 0
2015-747 3970 1 4229 0
2015-747 4742 1 6045 0
2015-747 4921 1 4654 0
2015-747 4920 1 3970 0
2015-747 4742 1 4921 0
2015-747 4920 1 4742 0
2015-499 4728 1 5430 0
2015-499 4229 1 5025 0
2015-499 6032 1 5034 0
2015-499 5166 1 5274 0
2015-499 3333 1 4459 0
2015-499 6410 1 5923 0
2015-499 26131 1 4533 0
2015-499 5438 1 5055 0
2015-499 5284 1 5016 0
2015-499 5375 1 4470 0
2015-499 5058 1 11615 0
2015-499 5231 1 4558 0
2015-499 4677 1 3565 0
2015-499 6058 1 4291 0
2015-499 6402 1 4992 0
2015-499 4593 1 4544 0
2015-499 4229 1 4728 0
2015-499 5166 1 6032 0
2015-499 3333 1 6410 0
2015-499 5438 1 26131 0
2015-499 5375 1 5284 0
2015-499 5231 1 5058 0
2015-499 6058 1 4677 0
2015-499 6402 1 4593 0
2015-499 5166 1 4229 0
2015-499 3333 1 5438 0
2015-499 5375 1 5231 0
2015-499 6058 1 6402 0
2015-499 3333 1 5166 0
2015-499 5375 1 6058 0
2015-499 3333 1 5375 0
2015-328 3819 1 5055 0
2015-328 4259 1 5655 0
2015-328 5166 1 4677 0
2015-328 5663 1 4311 0
2015-328 4728 1 6419 0
2015-328 5375 1 5954 0
2015-328 6045 1 6032 0
2015-328 4544 1 5201 0
2015-328 5220 1 3843 0
2015-328 4558 1 4914 0
2015-328 5764 1 4659 0
2015-328 4742 1 4585 0
2015-328 4752 1 6197 0
2015-328 6220 1 4894 0
2015-328 5571 1 5231 0
2015-328 3333 1 4526 0
2015-328 3819 1 4259 0
2015-328 5663 1 5166 0
2015-328 5375 1 4728 0
2015-328 6045 1 4544 0
2015-328 5220 1 4558 0
2015-328 4742 1 5764 0
2015-328 4752 1 6220 0
2015-328 3333 1 5571 0
2015-328 3819 1 5663 0
2015-328 6045 1 5375 0
2015-328 4742 1 5220 0
2015-328 4752 1 3333 0
2015-328 3819 1 6045 0
2015-328 4742 1 4752 0
2015-328 3819 1 4742 0
2015-520 4920 1 3813 0
2015-520 4180 1 3893 0
2015-520 6410 1 5919 0
2015-520 6058 1 4562 0
2015-520 4752 1 5317 0
2015-520 4122 1 5006 0
2015-520 4229 1 4879 0
2015-520 4728 1 5058 0
2015-520 6045 1 5764 0
2015-520 5794 1 3607 0
2015-520 6419 1 5016 0
2015-520 3990 1 4974 0
2015-520 3781 1 5166 0
2015-520 5710 1 4291 0
2015-520 4596 1 5231 0
2015-520 4742 1 11497 0
2015-520 4913 1 6019 0
2015-520 5303 1 5565 0
2015-520 6365 1 3565 0
2015-520 6388 1 4794 0
2015-520 5663 1 5923 0
2015-520 5046 1 5375 0
2015-520 4868 1 3582 0
2015-520 4544 1 4311 0
2015-520 5220 1 4894 0
2015-520 5056 1 5889 0
2015-520 5655 1 11543 0
2015-520 4914 1 6197 0
2015-520 4677 1 5515 0
2015-520 4619 1 4326 0
2015-520 4592 1 5147 0
2015-520 3970 1 5034 0
2015-520 5442 1 3908 0
2015-520 5057 1 4593 0
2015-520 3794 1 5067 0
2015-520 4269 1 6108 0
2015-520 5131 1 4252 0
2015-520 4585 1 11238 0
2015-520 4337 1 5630 0
2015-520 4558 1 3852 0
2015-520 4541 1 5859 0
2015-520 4533 1 5055 0
2015-520 4664 1 5070 0
2015-520 4259 1 4423 0
2015-520 4921 1 5140 0
2015-520 5324 1 5658 0
2015-520 3285 1 4470 0
2015-520 4606 1 6402 0
2015-520 4526 1 4942 0
2015-520 5571 1 4216 0
2015-520 4659 1 5564 0
2015-520 5438 1 4198 0
2015-520 5201 1 4992 0
2015-520 3917 1 6280 0
2015-520 5364 1 26244 0
2015-520 4467 1 6285 0
2015-520 4789 1 4273 0
2015-520 6030 1 4887 0
2015-520 6220 1 5370 0
2015-520 4654 1 5025 0
2015-520 4570 1 3333 0
2015-520 5987 1 4022 0
2015-520 4716 1 4893 0
2015-520 3819 1 4268 0
2015-520 4920 1 4180 0
2015-520 6410 1 6058 0
2015-520 4752 1 4122 0
2015-520 4728 1 4229 0
2015-520 6045 1 5794 0
2015-520 6419 1 3990 0
2015-520 5710 1 3781 0
2015-520 4742 1 4596 0
2015-520 4913 1 5303 0
2015-520 6388 1 6365 0
2015-520 5663 1 5046 0
2015-520 4868 1 4544 0
2015-520 5220 1 5056 0
2015-520 4914 1 5655 0
2015-520 4619 1 4677 0
2015-520 3970 1 4592 0
2015-520 5442 1 5057 0
2015-520 3794 1 4269 0
2015-520 4585 1 5131 0
2015-520 4558 1 4337 0
2015-520 4541 1 4533 0
2015-520 4664 1 4259 0
2015-520 5324 1 4921 0
2015-520 4606 1 3285 0
2015-520 4526 1 5571 0
2015-520 5438 1 4659 0
2015-520 3917 1 5201 0
2015-520 4467 1 5364 0
2015-520 4789 1 6030 0
2015-520 4654 1 6220 0
2015-520 5987 1 4570 0
2015-520 3819 1 4716 0
2015-520 4920 1 6410 0
2015-520 4752 1 4728 0
2015-520 6045 1 6419 0
2015-520 4742 1 5710 0
2015-520 4913 1 6388 0
2015-520 4868 1 5663 0
2015-520 5220 1 4914 0
2015-520 3970 1 4619 0
2015-520 5442 1 3794 0
2015-520 4558 1 4585 0
2015-520 4541 1 4664 0
2015-520 4606 1 5324 0
2015-520 4526 1 5438 0
2015-520 4467 1 3917 0
2015-520 4789 1 4654 0
2015-520 3819 1 5987 0
2015-520 4920 1 4752 0
2015-520 4742 1 6045 0
2015-520 4913 1 4868 0
2015-520 3970 1 5220 0
2015-520 5442 1 4558 0
2015-520 4541 1 4606 0
2015-520 4526 1 4467 0
2015-520 3819 1 4789 0
2015-520 4920 1 4742 0
2015-520 4913 1 3970 0
2015-520 4541 1 5442 0
2015-520 4526 1 3819 0
2015-520 4920 1 4913 0
2015-520 4526 1 4541 0
2015-520 4526 1 4920 0
2015-605 4920 1 5442 0
2015-605 3819 1 4606 0
2015-605 4913 1 3970 0
2015-605 4742 1 4526 0
2015-605 5442 1 4606 0
2015-605 3819 1 4920 0
2015-605 4742 1 4913 0
2015-605 4526 1 3970 0
2015-605 3819 1 5442 0
2015-605 4920 1 4606 0
2015-605 4742 1 3970 0
2015-605 4526 1 4913 0
2015-605 4920 1 4742 0
2015-605 3819 1 4526 0
2015-605 4920 1 3819 0
2015-6406 3926 1 3893 0
2015-6406 5427 1 3893 0
2015-6406 3893 1 4733 0
2015-6406 5427 1 3926 0
2015-6406 3926 1 4733 0
2015-6406 5427 1 4733 0
2015-6406 6052 1 5539 0
2015-6406 5539 1 5420 0
2015-6406 5539 1 6092 0
2015-6406 5420 1 6052 0
2015-6406 6092 1 6052 0
2015-6406 6092 1 5420 0
2015-6406 5427 1 6092 0
2015-6406 3926 1 5539 0
2015-6406 5427 1 3926 0
2015-D001 4467 1 5515 0
2015-D001 4789 1 4259 0
2015-D001 4259 1 4467 0
2015-D001 5515 1 3917 0
2015-D002 4913 1 5375 0
2015-D002 4865 1 4544 0
2015-D002 4913 1 4544 0
2015-D002 5375 1 4865 0
2015-D003 6410 1 4585 0
2015-D003 6058 1 6197 0
2015-D003 6058 1 4585 0
2015-D003 3902 1 5025 0
2015-D004 5055 1 4619 0
2015-D004 4311 1 4974 0
2015-D004 5055 1 4311 0
2015-D004 4870 1 4921 0
2015-D005 5147 1 4122 0
2015-D005 4914 1 5057 0
2015-D005 4914 1 5147 0
2015-D005 5630 1 5057 0
2015-D006 4920 1 6230 0
2015-D006 4677 1 6419 0
2015-D006 5923 1 5009 0
2015-D006 4677 1 6230 0
2015-D007 5670 1 5140 0
2015-D007 5442 1 5565 0
2015-D007 5442 1 5670 0
2015-D007 5565 1 4423 0
2015-D008 5954 1 5067 0
2015-D008 4326 1 3967 0
2015-D008 5954 1 4326 0
2015-D008 5663 1 4844 0
2015-D009 4467 1 4865 0
2015-D009 4913 1 4541 0
2015-D009 4913 1 4467 0
2015-D010 5055 1 6410 0
2015-D010 4870 1 6388 0
2015-D010 5025 1 5055 0
2015-D010 3720 1 4870 0
2015-D011 4914 1 5923 0
2015-D011 5630 1 4677 0
2015-D011 5571 1 6030 0
2015-D011 4122 1 5923 0
2015-D012 4326 1 4432 0
2015-D012 5663 1 6277 0
2015-D012 6280 1 4432 0
2015-D012 4326 1 6277 0
2015-D013 4913 1 6410 0
2015-D013 6058 1 5543 0
2015-D013 4913 1 6058 0
2015-D013 6410 1 5543 0
2015-D014 5663 1 5630 0
2015-D014 4914 1 4326 0
2015-D014 5663 1 6030 0
2015-D014 4326 1 5630 0
2015-D015 5663 1 6365 0
2015-D015 4913 1 5067 0
2015-D015 4913 1 5663 0
2015-D016 3607 1 8773 0
2015-D016 5972 1 5486 0
2015-D016 3607 1 5972 0
2015-D016 5486 1 4655 0
2015-D017 5284 1 4654 0
2015-D017 5046 1 5886 0
2015-D017 4654 1 5046 0
2015-D017 5284 1 5886 0
2015-D018 3607 1 5104 0
2015-D018 5264 1 5486 0
2015-D018 3607 1 5264 0
2015-D018 5864 1 6219 0
2015-D019 5972 1 5104 0
2015-D019 5864 1 4655 0
2015-D019 5972 1 5864 0
2015-D019 5264 1 8773 0
2015-D020 5777 1 3821 0
2015-D020 11240 1 6123 0
2015-D020 11240 1 3821 0
2015-D020 6123 1 6214 0
2015-D021 5829 1 4903 0
2015-D021 5023 1 5573 0
2015-D021 4903 1 4807 0
2015-D021 5023 1 5921 0
2015-D022 11240 1 4733 0
2015-D022 4794 1 11842 0
2015-D022 4794 1 11240 0
2015-D022 11842 1 6368 0
2015-D023 5023 1 4499 0
2015-D023 6013 1 4903 0
2015-D023 4499 1 5418 0
2015-D023 6013 1 5023 0
2015-D024 4233 1 5528 0
2015-D024 5710 1 4947 0
2015-D024 5710 1 4233 0
2015-D024 26131 1 4947 0
2015-D025 11238 1 3781 0
2015-D025 4887 1 5859 0
2015-D025 4887 1 11238 0
2015-D025 5577 1 5859 0
2015-D026 5364 1 4810 0
2015-D026 5601 1 5575 0
2015-D026 5364 1 5575 0
2015-D026 5034 1 5439 0
2015-D027 4493 1 6286 0
2015-D027 5644 1 4533 0
2015-D027 4493 1 22585 0
2015-D027 5644 1 6286 0
2015-D028 5564 1 3997 0
2015-D028 5655 1 5814 0
2015-D028 5655 1 5564 0
2015-D028 5814 1 11831 0
2015-D029 3990 1 26131 0
2015-D029 4664 1 11612 0
2015-D029 5528 1 3990 0
2015-D029 26131 1 4664 0
2015-D030 5210 1 6220 0
2015-D030 4887 1 4894 0
2015-D030 4894 1 6220 0
2015-D030 3594 1 4618 0
2015-D031 5644 1 5601 0
2015-D031 5364 1 4493 0
2015-D031 5364 1 5644 0
2015-D031 4493 1 5601 0
2015-D032 5231 1 5655 0
2015-D032 4307 1 4659 0
2015-D032 5655 1 4659 0
2015-D033 4742 1 11490 0
2015-D033 3970 1 4233 0
2015-D033 5131 1 4233 0
2015-D033 3970 1 11490 0
2015-D034 4533 1 6234 0
2015-D034 4801 1 4810 0
2015-D034 26510 1 27363 0
2015-D034 6234 1 4801 0
2015-D035 5564 1 6156 0
2015-D035 5006 1 5814 0
2015-D035 5006 1 5564 0
2015-D035 22358 1 8735 0
2015-D036 5948 1 45052 0
2015-D036 6162 1 9244 0
2015-D036 6162 1 21368 0
2015-D036 5326 1 9244 0
2015-D037 5643 1 8755 0
2015-D037 5530 1 8776 0
2015-D037 5643 1 5530 0
2015-D037 25608 1 8750 0
2015-D038 4534 1 5149 0
2015-D038 6185 1 5840 0
2015-D038 4534 1 6185 0
2015-D039 6413 1 5922 0
2015-D039 11834 1 22706 0
2015-D039 11834 1 22008 0
2015-D039 5063 1 22706 0
2015-D040 5643 1 5948 0
2015-D040 6162 1 4760 0
2015-D040 5643 1 6162 0
2015-D040 5948 1 4760 0
2015-D041 5807 1 6399 0
2015-D041 6413 1 5840 0
2015-D041 5807 1 5840 0
2015-D041 6413 1 26241 0
2015-D042 6161 1 6162 0
2015-D042 5063 1 5456 0
2015-D042 5807 1 44836 0
2015-D042 6161 1 5456 0
2015-D043 4229 1 8959 0
2015-D043 5479 1 8605 0
2015-D043 6224 1 45058 0
2015-D043 5479 1 8959 0
2015-D044 4590 1 4630 0
2015-D044 4603 1 34923 0
2015-D044 4599 1 34923 0
2015-D044 8704 1 8734 0
2015-D045 5453 1 5555 0
2015-D045 4905 1 3875 0
2015-D045 5799 1 5594 0
2015-D045 5170 1 5555 0
2015-D046 3529 1 21945 0
2015-D046 3600 1 3499 0
2015-D046 3600 1 20829 0
2015-D046 3499 1 26718 0
2015-D047 5479 1 6137 0
2015-D047 4229 1 4590 0
2015-D047 4229 1 4603 0
2015-D048 3499 1 5170 0
2015-D048 8753 1 5799 0
2015-D048 20829 1 5799 0
2015-D049 3499 1 5479 0
2015-D049 4498 1 8753 0
2015-D049 6224 1 3499 0
2015-D049 3529 1 5479 0
2015-D050 4694 1 17393 0
2015-D050 4942 1 20438 0
2015-D050 4942 1 4694 0
2015-D050 17393 1 5424 0
2015-D051 5291 1 5896 0
2015-D051 6065 1 5232 0
2015-D051 6065 1 5896 0
2015-D051 5291 1 5232 0
2015-D052 5303 1 4836 0
2015-D052 4348 1 4466 0
2015-D052 4466 1 6380 0
2015-D052 6236 1 5243 0
2015-D053 3813 1 6020 0
2015-D053 4112 1 6087 0
2015-D053 3813 1 4112 0
2015-D053 6020 1 5746 0
2015-D054 5793 1 5614 0
2015-D054 5987 1 11798 0
2015-D054 5482 1 5614 0
2015-D054 11798 1 24020 0
2015-D055 5420 1 21933 0
2015-D055 5903 1 4602 0
2015-D055 5903 1 5420 0
2015-D055 21933 1 45059 0
2015-D056 4180 1 8766 0
2015-D056 5175 1 11205 0
2015-D056 4180 1 5175 0
2015-D056 8767 1 7085 0
2015-D057 6329 1 5574 0
2015-D057 6207 1 11818 0
2015-D057 6207 1 6329 0
2015-D057 5574 1 44890 0
2015-D058 4942 1 6065 0
2015-D058 5291 1 17393 0
2015-D058 4942 1 5291 0
2015-D058 6065 1 17393 0
2015-D059 5303 1 5746 0
2015-D059 3813 1 4348 0
2015-D059 5303 1 3813 0
2015-D059 6380 1 6087 0
2015-D060 5903 1 5482 0
2015-D060 5793 1 5941 0
2015-D060 5903 1 5793 0
2015-D060 5941 1 5482 0
2015-D061 6207 1 11205 0
2015-D061 5764 1 7085 0
2015-D061 4999 1 11205 0
2015-D061 4906 1 45357 0
2015-D062 6065 1 5303 0
2015-D062 5658 1 5578 0
2015-D062 5303 1 5578 0
2015-D062 6065 1 4348 0
2015-D063 5941 1 4999 0
2015-D063 5903 1 6207 0
2015-D063 5903 1 5574 0
2015-D063 6207 1 21933 0
2015-D064 4694 1 4940 0
2015-D064 20438 1 5896 0
2015-D064 20438 1 4940 0
2015-D064 5424 1 5896 0
2015-D065 4836 1 4112 0
2015-D065 6020 1 4466 0
2015-D065 4112 1 4466 0
2015-D066 5614 1 45059 0
2015-D066 11798 1 32603 0
2015-D066 5614 1 22550 0
2015-D066 11798 1 45358 0
2015-D067 6329 1 8766 0
2015-D067 5175 1 8748 0
2015-D067 6329 1 5175 0
2015-D067 45359 1 11818 0
2015-D068 34923 1 34151 0
2015-D068 4630 1 45360 0
2015-D068 45360 1 34923 0
2015-D068 4630 1 33338 0
2015-D069 5555 1 4891 0
2015-D069 3600 1 5594 0
2015-D069 4891 1 3875 0
2015-D070 5530 1 9244 0
2015-D070 45361 1 21368 0
2015-D070 25608 1 45052 0
2015-D070 45361 1 9244 0
2015-D071 5149 1 5922 0
2015-D071 6185 1 22706 0
2015-D071 5922 1 6185 0
2015-D071 5266 1 24002 0
2015-D072 24100 1 8773 0
2015-D072 5972 1 27607 0
2015-D072 5972 1 24100 0
2015-D072 45624 1 18628 0
2015-D073 5573 1 6123 0
2015-D073 5829 1 11219 0
2015-D073 5573 1 11219 0
2015-D073 4807 1 6123 0
2015-D074 4585 1 6013 0
2015-D074 4499 1 6197 0
2015-D074 6197 1 6013 0
2015-D075 4526 1 5210 0
2015-D075 3819 1 4618 0
2015-D075 3819 1 5210 0
2015-D075 5954 1 26683 0
2015-D076 4558 1 4619 0
2015-D076 4921 1 26131 0
2015-D076 4921 1 4558 0
2015-D076 3893 1 4504 0
2015-D077 4794 1 5438 0
2015-D077 6045 1 4733 0
2015-D077 6045 1 4794 0
2015-D078 5046 1 6108 0
2015-D078 5442 1 4268 0
2015-D078 5442 1 5046 0
2015-D078 6108 1 4268 0
2015-D079 3607 1 4459 0
2015-D079 4259 1 5486 0
2015-D079 4259 1 3607 0
2015-D079 3794 1 6219 0
2015-D080 5057 1 6230 0
2015-D080 6419 1 5147 0
2015-D080 6419 1 5057 0
2015-D081 5364 1 4307 0
2015-D081 5655 1 5601 0
2015-D081 5364 1 5655 0
2015-D081 4307 1 5601 0
