20 380
10/08/2018 1 2 2 1
11/08/2018 3 2 4 0
11/08/2018 5 0 6 2
11/08/2018 7 0 8 3
11/08/2018 9 1 10 2
11/08/2018 11 2 12 0
11/08/2018 13 2 14 2
12/08/2018 15 0 16 2
12/08/2018 17 4 18 0
12/08/2018 19 0 20 0
18/08/2018 4 0 9 0
18/08/2018 8 3 15 2
18/08/2018 14 2 19 1
18/08/2018 2 2 13 0
18/08/2018 10 3 5 1
18/08/2018 18 1 3 2
19/08/2018 12 3 1 2
19/08/2018 20 1 11 3
19/08/2018 16 6 7 1
20/08/2018 6 0 17 2
25/08/2018 15 3 18 1
25/08/2018 3 2 14 2
25/08/2018 7 0 4 0
25/08/2018 17 1 12 0
25/08/2018 19 1 2 2
25/08/2018 13 1 16 1
26/08/2018 5 4 20 2
26/08/2018 9 1 8 2
26/08/2018 11 2 6 1
27/08/2018 1 0 10 3
01/09/2018 12 2 5 2
01/09/2018 8 2 3 0
01/09/2018 6 0 19 2
01/09/2018 14 1 7 1
01/09/2018 2 1 17 2
01/09/2018 16 2 9 1
01/09/2018 18 0 13 1
02/09/2018 20 0 1 2
02/09/2018 4 2 15 3
02/09/2018 11 2 10 1
15/09/2018 3 4 2 2
15/09/2018 8 4 4 1
15/09/2018 7 0 6 1
15/09/2018 16 3 5 0
15/09/2018 9 1 15 2
15/09/2018 10 1 17 2
15/09/2018 11 1 1 2
16/09/2018 14 1 18 3
16/09/2018 13 1 20 0
17/09/2018 19 2 12 2
22/09/2018 12 1 10 2
22/09/2018 20 4 3 0
22/09/2018 4 0 16 5
22/09/2018 6 0 9 0
22/09/2018 5 1 11 1
22/09/2018 2 3 7 1
22/09/2018 17 3 19 0
22/09/2018 1 1 13 1
23/09/2018 15 2 14 0
23/09/2018 18 0 8 0
29/09/2018 15 2 11 0
29/09/2018 8 1 17 1
29/09/2018 14 3 5 0
29/09/2018 7 0 10 2
29/09/2018 16 2 12 0
29/09/2018 9 0 2 2
29/09/2018 18 3 1 1
29/09/2018 13 2 19 0
30/09/2018 4 1 20 2
01/10/2018 3 2 6 1
05/10/2018 12 1 18 0
06/10/2018 20 1 7 1
06/10/2018 6 0 13 1
06/10/2018 2 1 14 2
06/10/2018 1 3 9 2
06/10/2018 10 1 4 0
06/10/2018 11 0 3 4
07/10/2018 5 1 15 5
07/10/2018 17 0 16 0
07/10/2018 19 0 8 3
20/10/2018 3 0 19 0
20/10/2018 4 4 5 2
20/10/2018 8 2 1 2
20/10/2018 7 0 17 1
20/10/2018 16 5 20 0
20/10/2018 9 0 12 1
20/10/2018 18 0 10 1
20/10/2018 13 0 11 2
21/10/2018 14 2 6 0
22/10/2018 15 3 2 1
27/10/2018 12 1 13 0
27/10/2018 5 0 3 3
27/10/2018 2 1 18 1
27/10/2018 17 4 4 1
27/10/2018 19 0 9 0
27/10/2018 11 3 7 0
28/10/2018 20 0 8 4
28/10/2018 6 2 15 2
28/10/2018 1 2 14 1
29/10/2018 10 0 16 1
03/11/2018 15 1 17 1
03/11/2018 3 1 1 2
03/11/2018 4 0 2 1
03/11/2018 14 3 12 1
03/11/2018 9 1 11 0
03/11/2018 18 4 20 2
03/11/2018 13 2 10 3
04/11/2018 8 3 6 1
04/11/2018 16 6 19 1
05/11/2018 7 1 5 0
10/11/2018 4 2 12 1
10/11/2018 6 0 10 1
10/11/2018 7 1 18 1
10/11/2018 2 0 20 0
10/11/2018 9 2 3 1
10/11/2018 19 1 11 1
11/11/2018 15 1 13 1
11/11/2018 8 0 14 0
11/11/2018 17 2 5 0
11/11/2018 16 3 1 1
24/11/2018 12 1 2 1
24/11/2018 14 1 4 0
24/11/2018 5 3 19 2
24/11/2018 1 0 6 0
24/11/2018 10 3 8 1
24/11/2018 11 0 17 3
24/11/2018 18 0 16 4
25/11/2018 3 1 15 2
25/11/2018 13 0 7 2
26/11/2018 20 1 9 2
30/11/2018 4 2 13 1
01/12/2018 6 2 20 0
01/12/2018 7 1 12 2
01/12/2018 2 2 11 0
01/12/2018 16 3 3 1
01/12/2018 9 0 18 3
01/12/2018 19 2 1 2
02/12/2018 15 4 10 2
02/12/2018 8 2 5 0
02/12/2018 17 1 14 0
04/12/2018 3 2 7 1
04/12/2018 12 3 6 1
04/12/2018 11 1 16 2
04/12/2018 18 3 4 1
05/12/2018 20 1 17 3
05/12/2018 14 1 9 1
05/12/2018 5 1 2 1
05/12/2018 1 2 15 2
05/12/2018 10 3 19 1
05/12/2018 13 2 8 1
08/12/2018 15 1 7 0
08/12/2018 3 0 17 4
08/12/2018 20 1 12 0
08/12/2018 4 1 19 0
08/12/2018 8 2 16 0
08/12/2018 2 0 10 2
08/12/2018 1 4 5 1
08/12/2018 18 3 6 2
09/12/2018 9 1 13 2
10/12/2018 14 2 11 2
15/12/2018 6 1 2 0
15/12/2018 5 0 18 2
15/12/2018 7 0 9 1
15/12/2018 16 3 14 1
15/12/2018 10 1 20 0
15/12/2018 11 3 4 2
15/12/2018 13 2 3 0
16/12/2018 12 1 8 2
16/12/2018 17 3 1 1
16/12/2018 19 3 15 2
21/12/2018 13 0 17 2
22/12/2018 15 3 20 1
22/12/2018 3 2 12 0
22/12/2018 4 1 1 5
22/12/2018 8 0 2 1
22/12/2018 7 1 19 3
22/12/2018 16 2 6 3
22/12/2018 9 0 5 0
22/12/2018 18 0 11 2
23/12/2018 14 2 10 6
26/12/2018 12 1 15 1
26/12/2018 20 1 14 5
26/12/2018 6 0 4 0
26/12/2018 5 1 13 1
26/12/2018 2 2 16 1
26/12/2018 17 4 9 0
26/12/2018 1 3 7 1
26/12/2018 10 5 3 0
26/12/2018 11 1 8 2
27/12/2018 19 1 18 2
29/12/2018 12 1 14 0
29/12/2018 5 1 7 0
29/12/2018 2 0 4 1
29/12/2018 17 5 15 1
29/12/2018 10 1 13 3
29/12/2018 11 1 9 1
30/12/2018 20 2 18 0
30/12/2018 6 0 8 1
30/12/2018 1 4 3 1
30/12/2018 19 1 16 3
01/01/2019 15 4 5 1
01/01/2019 4 0 10 3
01/01/2019 14 0 2 1
02/01/2019 3 3 11 3
02/01/2019 8 0 19 0
02/01/2019 7 1 20 2
02/01/2019 9 0 1 2
02/01/2019 18 2 12 2
02/01/2019 13 0 6 2
03/01/2019 16 2 17 1
12/01/2019 12 0 17 1
12/01/2019 20 2 5 1
12/01/2019 4 0 7 0
12/01/2019 8 2 9 1
12/01/2019 6 1 11 2
12/01/2019 2 1 19 2
12/01/2019 18 1 15 0
13/01/2019 14 2 3 0
13/01/2019 10 0 1 1
14/01/2019 16 3 13 0
19/01/2019 15 2 8 0
19/01/2019 3 2 18 0
19/01/2019 17 4 6 3
19/01/2019 1 2 12 1
19/01/2019 9 3 4 0
19/01/2019 19 2 14 1
19/01/2019 11 0 20 0
19/01/2019 13 4 2 3
20/01/2019 5 1 10 2
20/01/2019 7 0 16 3
29/01/2019 15 2 4 1
29/01/2019 5 4 12 2
29/01/2019 7 0 14 1
29/01/2019 1 2 20 2
29/01/2019 9 2 16 1
29/01/2019 13 3 18 0
30/01/2019 3 4 8 0
30/01/2019 17 1 2 1
30/01/2019 19 1 6 1
30/01/2019 10 2 11 1
02/02/2019 12 0 11 0
02/02/2019 20 1 19 1
02/02/2019 4 2 3 0
02/02/2019 8 5 7 0
02/02/2019 6 2 5 0
02/02/2019 14 1 13 3
02/02/2019 10 1 9 0
03/02/2019 2 0 1 1
03/02/2019 16 3 15 1
04/02/2019 18 1 17 1
06/02/2019 14 0 16 2
09/02/2019 12 1 20 3
09/02/2019 6 1 18 1
09/02/2019 5 0 1 3
09/02/2019 7 1 15 2
09/02/2019 17 3 3 0
09/02/2019 19 1 4 2
09/02/2019 11 1 14 0
10/02/2019 16 6 8 0
10/02/2019 10 3 2 1
11/02/2019 13 1 9 1
22/02/2019 4 1 11 5
22/02/2019 18 3 5 1
23/02/2019 3 1 13 1
23/02/2019 20 2 10 1
23/02/2019 2 1 6 4
23/02/2019 9 2 7 0
24/02/2019 15 2 19 0
24/02/2019 1 0 17 0
26/02/2019 4 0 14 3
26/02/2019 7 1 13 0
26/02/2019 2 2 12 1
26/02/2019 9 2 20 0
27/02/2019 15 5 3 1
27/02/2019 8 2 10 0
27/02/2019 6 1 1 3
27/02/2019 17 5 11 0
27/02/2019 16 1 18 0
27/02/2019 19 2 5 0
02/03/2019 3 0 16 1
02/03/2019 12 1 7 0
02/03/2019 20 1 6 3
02/03/2019 1 3 19 2
02/03/2019 10 1 15 1
02/03/2019 18 2 9 0
02/03/2019 13 2 4 0
03/03/2019 14 0 17 0
03/03/2019 5 1 8 2
03/03/2019 11 2 2 1
09/03/2019 4 2 18 0
09/03/2019 6 1 12 2
09/03/2019 7 0 3 2
09/03/2019 2 3 5 1
09/03/2019 16 3 11 1
09/03/2019 9 3 14 2
09/03/2019 19 2 10 1
10/03/2019 15 2 1 0
10/03/2019 8 1 13 1
10/03/2019 17 4 20 2
16/03/2019 3 2 9 2
16/03/2019 20 1 2 2
16/03/2019 18 4 7 3
17/03/2019 14 2 8 0
17/03/2019 5 1 17 2
30/03/2019 12 0 19 1
30/03/2019 20 2 13 0
30/03/2019 6 2 7 0
30/03/2019 5 0 16 2
30/03/2019 2 2 3 0
30/03/2019 1 2 11 1
30/03/2019 18 0 14 2
31/03/2019 4 1 8 2
31/03/2019 17 2 10 1
01/04/2019 15 2 9 0
02/04/2019 11 4 5 1
02/04/2019 13 2 1 1
03/04/2019 8 3 12 0
03/04/2019 16 2 4 0
03/04/2019 10 2 6 0
05/04/2019 19 1 17 3
06/04/2019 3 1 20 3
06/04/2019 7 1 2 4
06/04/2019 9 0 6 1
07/04/2019 14 1 15 0
08/04/2019 8 2 18 0
12/04/2019 2 0 9 1
13/04/2019 12 0 3 5
13/04/2019 20 2 4 0
13/04/2019 5 2 14 0
13/04/2019 1 2 18 1
13/04/2019 19 3 13 1
13/04/2019 10 4 7 0
14/04/2019 6 1 16 3
14/04/2019 17 2 8 0
15/04/2019 11 0 15 1
16/04/2019 12 0 4 2
20/04/2019 3 0 5 1
20/04/2019 7 1 11 2
20/04/2019 16 1 10 0
20/04/2019 9 3 19 1
20/04/2019 18 2 2 2
20/04/2019 13 0 12 0
21/04/2019 15 2 6 3
21/04/2019 4 0 17 2
21/04/2019 14 4 1 0
22/04/2019 8 2 20 2
23/04/2019 10 1 12 0
23/04/2019 11 1 19 1
24/04/2019 1 0 16 2
24/04/2019 13 3 15 1
26/04/2019 17 5 7 0
27/04/2019 12 1 9 1
27/04/2019 6 0 14 0
27/04/2019 5 1 4 0
27/04/2019 19 3 3 3
27/04/2019 10 0 18 1
27/04/2019 11 1 13 2
28/04/2019 20 0 16 1
28/04/2019 2 3 15 0
28/04/2019 1 1 8 1
03/05/2019 14 2 20 0
04/05/2019 3 1 10 0
04/05/2019 4 2 6 3
04/05/2019 9 2 17 3
04/05/2019 18 3 19 0
04/05/2019 13 1 5 0
05/05/2019 15 1 12 1
05/05/2019 8 3 11 0
05/05/2019 7 1 1 1
06/05/2019 16 1 2 0
12/05/2019 12 1 16 4
12/05/2019 20 1 15 3
12/05/2019 6 5 3 3
12/05/2019 5 0 9 4
12/05/2019 2 0 8 0
12/05/2019 17 2 13 0
12/05/2019 1 0 4 2
12/05/2019 19 1 7 1
12/05/2019 10 2 14 2
12/05/2019 11 1 18 4
